1000
08284880458194593396
00239489246684212272
14075041563901234319
12538615748425595728
05724664553104386131
06493839278469826191
14051064076062824522
09132283337355460394
13356246479010281277
08446832983436962406
08931071621524629167
15240169772011247771
12805006945562843830
16061199340186836557
00887914758796539228
02837544151125010735
05076400509730614554
08293862558211800526
00680037683707775924
01979458857933627929
01275239199920330457
03384228281627663300
02396574438741049439
09607016200274084146
14566827080094702901
12632730988874689493
02892399324294708737
03999638688975396370
11924541230090794686
13892177081872326891
04552236443546601735
07496551331834405292
09358254082560759283
07965311517753930878
12167447335615183479
16491492321384734129
01252311419392977910
17796637872945531903
00765678398292536316
05909389463323284601
04113309604430214325
10767127736348586768
10574895685055890067
02719547080335877756
11025790807064560619
08684024056956830245
17874093105874283882
00506938413440239707
07167314520451858143
00068348647112097834
16937288010191586983
06066772791216710402
03176150520654896154
02867043355033933238
12234705222684125405
07512922689518006915
01018003753180572150
04040035107086375170
00186064858879768605
12750080046490291585
09854122951833193119
11190664434540193053
16588454331335297384
14509787909750599699
04740077210283280943
02400490062543005641
18030904543228748524
03676288941246696719
16131316971237454802
17894734423046225747
09669197021610576103
15635696692149721998
14407100845782742410
17033155219689138934
04384875015124572658
10747255744740498631
01962660646651393694
01497279992351380031
17736216285494769390
04707768827757782053
02535201691448324650
00712005857449331894
06400185877235248479
08457189533675625076
13345586322542963677
01847291721691963733
02441665748192451589
07866552162976360993
15536785478063904502
08865579151119199755
15862533774534228951
16449458751747432012
13391752821814742781
08644648703424252095
08742512412872813787
02611611195682907922
12219459457197641618
01671928705846506878
02573138527034231471
14871952308020890152
03531506413394963181
02893426398106748611
01878226413273592984
00243703605600972174
12238791983560019848
05697290239899942495
03540969963035744674
15988497396732394061
03492211166141332962
12505766620895605030
04757658010940211487
00850496334146626457
02323752661784923966
02867713113530542290
16100694845488416372
15171972109165097626
10208576672825804124
00418901857392025066
02362666754362171415
08032733957340191053
15777027070705996903
02588937967079138081
01612876511726941392
03832471869099051357
10550674638508528489
05867598766129587387
01889903553219861307
10976543491075725710
02957588661117429915
09973378547559393582
03066349203010171708
13260176372905901302
09137890056159291726
12201126387159079748
03528206553162538589
12328101723039175894
09134654011225145142
05553966915078109527
17848040276749900103
13956243882310914224
16444159321597484985
03157218110231517811
12439812335050393787
03323434836320892665
15275499627419716004
04352841358481751564
13314402659623119645
10291438265135764975
08424484426124846154
17965439974519916235
05278743329972530118
02160606585202376207
10037554419925359161
11996180336510663636
06257018639567357694
12750971732215544319
01204360057661463890
05720960229290127015
14842065797323307760
09518562445771107210
05421293363154925682
00357904040132691098
03932007551296497823
08607071899691213507
06352346410950146275
09525933392720431161
13702894733797232843
01565152011723789804
00053375738638629471
03952915668849759194
18218610215788490289
02242296743015816285
14378669106612728225
10973496532959778813
18415581109099329278
10628618326869426031
10930719548675727664
06164026836792649256
09356713932773490708
08483013685923337295
12575883426663565379
18380673492978381911
03338916952438030698
16109871951652413050
14183362864368949415
08480962070139988213
10336599882548222893
14465499873601491812
12887471514723148291
00142031588565062092
14808828639863659260
17421623517329371885
11486915589987485818
03612696208760797889
17706614902602019107
09840634984701297179
11802948924013798139
09684817165820550453
16041515087718510953
05308124232332108796
02536549124486665449
05448089660649479119
07083492848904329627
12838789971899175242
14251458596699129524
09154992884001321694
18130386769004576165
04911477237846172950
16040155917689104866
01785291658190924011
09344662145408949726
05947650775909952028
08984650572105284135
05742493465579085353
16794648133351503886
15852211015804810137
09208991585021577590
12688189956329923774
09834736011173316705
17819863741841673594
03875339860779497680
04083660485019224370
05406856262646558077
09327070594199659798
12330229084745026526
12451680028630780260
12604858359938510863
05646476420797179632
07485932929812759250
06822006852240806778
01166401179893085242
13425088118180388172
00131275883482119394
11882845166934619801
00566419633475976984
15549857906663982011
08482896501811313775
10491051932985921979
08554451558565135820
14812564200422370173
13216395426982447110
13152367221376002108
01631850128718364879
04092337953320661569
11754064835101922887
11964133402797802987
12077831133965477888
01247070026417556830
03913376577390365832
01067717006169271191
13129239432549927296
00506443453920717855
07243336313136513880
06165105913150129157
05982296273110145084
15259811383171868164
18374706183626222010
17950205342146985692
00927304640309032277
07468903721123934101
07329570360014247006
11108798674855697585
03023444776479113323
12788085105120671007
07616568295134141757
06672140792588195906
06385081500656232483
07885811868110223380
09070343540638707666
15658672568653447650
07825052216946779903
15169890491653548123
17059077516045922390
14849519551022413607
10639802084925213926
13860143078413652922
04538640988785884416
14310107749445715936
15412297154467505368
05931573353786954988
12008355563779194754
11119891397085400999
15441599506885242459
04841233494893677001
02348982580751249627
06226184025525653994
15409074441463605358
03242466634284620766
07882722318757602039
07334767274068026380
15160451219552173900
14049562611213208744
05764492981133759130
02055646669854521750
01946298852788395264
07627380381572001691
14869614571798820774
07090580688389346722
02556141924744098388
12918125154802209451
17419509313678486235
07806814826023624951
08921369870786204902
13132600724657014776
17307551244519238118
00545035099921739374
16094302183979847918
08264601634904022385
18035344095157079511
11512394779764195344
17667739488810386517
10467400730695191283
07170673930448873873
16867705823848935647
14094005498775388029
04388973601178524671
14024042306396558334
02217365638462235046
05111144239032099073
06689573071511161003
11131398738178467987
03334853746841058460
09955245722917132592
12044436686391985675
10977015839838691790
16342931083921265743
06474723796146369105
14368803694546779767
11497491372424172240
16351518319115932921
12341650073370424983
05972974384591019458
01829218955909019345
00952819538774483345
14704189859221768928
02035627776332061950
04365153373524342808
05775849665708447980
07726979025152154664
13215707724300673998
00764917327875901206
08137429159904589597
06634219934690603263
04368086728771460615
01193056884630045709
01682553470622694020
15884627845370032589
04289897880859515192
03030367067145960802
06543026379241811781
11723703303355724747
10276455677815468473
02321168830889698758
15081761398108889968
06958027788212594165
16840356171110631818
02320058929812158778
07337992655438718814
10462808648438791824
01121795563554306541
01515527882810678639
12612320903686650964
09052634989174274915
01996776937976865711
01143541076508612524
11443258183011967206
11733941298188655387
06625294819435923159
01221074571634010350
12131631087167669128
11122022048131856974
03903153290275105479
03775251145362556047
00509758410626539583
18163993547602914877
06650721494991135229
09229398641516022539
15610401938496393262
10493051024850027318
01326275468026331037
00006300878658316468
02241120014150706064
06357654325370198841
02530479044993758862
00333707900393419077
15731004888627529721
01267886857668499203
02818387740749240198
17842681827944167387
06699021013241772641
13331849452518559902
00241581609747417943
17235789202332057703
10119851943860987000
16110228724100855095
18146047576051160655
11335605060946690741
02425867677831973533
03300120930605673935
08888400983243235844
00974179185940257079
04198750677513888358
08315071130514231704
03275697618428789636
14216738268192299306
13279529486281170520
13052987042891466312
03720838755358513795
07393862934833264056
17322419621811697378
11262118693106401312
07397084592272574678
07115074642266215036
16807429796320784003
07745139904343314929
03205706154507359485
16743937535436350547
03226798017395885414
10497492514044018896
07465662589107120622
06871336469847382428
12717245792250441309
17946081766862427881
14772378633013997478
11206280775747015056
04124390459470097272
05749544965138853736
01857162072946099914
04501855917406993524
05736108628713748950
13246889274871949516
07466874360234247401
15370320013426413803
06373285853803072919
07376038697673244020
12735997300440390416
06337604376120588934
10505079460642015989
02694242202848677670
00144439976582687158
04336683504697879877
01877986319694980264
15902687925458287383
14643389151711311502
03513256153132183236
18251714474655979157
07310507504800197493
14933835836998115831
18318967273381906651
16027707124295608260
12245723711110985937
09954179760565783756
17289933615035264449
02011198571801890335
17727949668078447100
11681636480502911251
12895584066140333105
05259626374681985153
04574564063880499130
01154480978532260333
07932657647602334819
16178691402046304505
12841540623447259192
09643389493753731188
06430832362954260465
06607999066199539230
06690390268949092846
00827980590384016573
10731639418305459061
02972531614586872114
04603162946555355728
12426647908502221705
08279788957133495017
17482638001798727932
10747101429215386399
01761951520415186106
14445110474841521109
08941277230528232172
01408206781995415523
03847094414247920879
13338763807217647586
13995932514459896677
05214150589977122170
14003930041367936269
08536462229656303525
12513982862092872531
02627282992583551527
12675991419868270242
05538118545136911982
05332192429345115011
16369321370736389816
16094477916244464644
07942100783682841652
03329319377408995831
05616687721618376304
08888580415033110343
02733763940156212980
07850709658017578000
15679964642172751471
11424316197053903204
18054244265535423750
03236676290906708577
18052951325238020562
06632459982569165176
12478540764371197783
18342416619391667567
03904839690448136631
14680349148390494512
15238761252486995562
14558725702974511139
00587518580257975489
05714392583792211832
04496039690661254482
01741745599833977767
18149936186589934866
02202569036956946838
18309261339720300469
10132816691821792669
12141490474197968645
13787991311899980759
09226863581007313223
00044880348570638402
00662737453333073851
08413693768949067385
17633637101905661635
09188637353039873965
10261118793359890009
04310574770523559716
06708459087322473628
13839295670665777275
04960417415020323058
17186383304275628349
17124620818746527970
06674935585879823382
02412856079453138714
12154946549408082019
06252505746161160804
03652609816396998174
17307916575279745627
02688402064722599358
03259310632759423188
02810124090257870299
12098563770183692830
03411427058980917283
17509550701349335721
09270335726346823790
09963399156710223208
02703882854804249051
08131698655889475136
16748062942189808081
05313591438157663019
16258185010258544075
11276028757289583534
17263822286281303179
10851197833463618229
02661608238163020332
09858026146209612259
01895470445829456287
07059576270651314716
17116493561427086507
09147175313944852636
03497380989373161479
05225801422074623204
02071497106526017340
16279753707044863456
01056107122167044293
03855752097360283954
03170436599899378767
00752979628366002153
11265542637623811048
05359992172235180454
10808994751247683446
12615645704125750710
15316444893606779918
08300856039807811443
11946659587350067625
15836453045305675006
00590214317094032311
13342564964210805338
17991665430818448450
12208652417985549752
10807022969349758642
00161043293915087174
11523105632584275541
02146288326582670216
12311375326954169139
16603317025466805115
13167382789623287900
03173881078064047548
06978723814820568056
09029294224972146601
01352148815238235050
08243863897850888649
11439309394083150735
08699906866022885933
03906395243802612496
04841313854364414312
10019174927308043050
17881335035134116352
14800025506181531799
15662648302478677343
04784045083441047436
02367192428792367496
05837215530005545365
15179488514500374306
06640104494088749995
01843913199166140594
00223714941723491320
00098108306237108580
07578178079919862082
09529260169278099777
16629160434471434267
10369266754701016869
07887356281858274688
00645114198675957091
02070748645926352963
17147077808258568227
15386486352996495411
03955781390649734695
12370298043584991513
05937777226905767483
04817596228168473308
17300310305115546186
15029665555377116038
10846334188139494600
07593365950660989172
11825981247756452082
14502596758265460262
15158830349792041353
17665061304411666682
03913717242079809134
14218119718872667680
06125079588877085902
00946895727119745640
07899221476341786190
17406001941870834145
12792092988308319315
02883951857543689685
04634559911707683979
00044943005642390152
01576117183027714243
07434584473365339205
09468128730629383105
01880661870976696643
04168267783794037461
00902803898107315913
03736000652299968154
10378317260480093502
09957800576761210740
05000505260774208438
15706067100333611272
07452421617478791501
15313032299892177371
18371437291855594274
08833578713919470163
00952656971724810200
12716615703951169459
15397073865916347329
06254521344982828924
12661471207051351001
09274624337147071102
14123082318855459279
06229152634855742254
01154952479832690502
04975233022225447265
11684199680036375737
16221874126310681958
14159134807946611783
05100002202458273894
09151793947656569104
10375112860544775939
00512457468147622640
18053437810610532641
03394995538620577876
09623295408366221153
03737108037276062958
15116821866909743906
04423643007945127151
05520330082204410179
16993993596883289947
13824460265271487050
01809170661409389434
14949915741408162013
17250396397422812437
07705699651410646226
00675853270480424464
04891009777623608670
05964231383613433803
12769968789793763348
17756751685196387496
18353516979092336497
13123691975610940146
18088247104028445998
06808506950338757288
16777940691017967287
18390780064905678036
07026104999123940431
03713268859610999580
05563661082680873171
18046613236129786936
02602920940207755104
09919240856399277524
12758516335450126334
10412309563756443616
17601263616558417268
03480630806570379127
17749836221182344839
03564007054863609939
00004788258901977757
06033578135995674741
05036208365890415698
14393020115716872698
04929291088577013607
07394768690561773282
01678185028901659142
08783356695658921302
18294423895163559896
03510441559407622099
10197149938117649433
03328044959290733941
04630587500916378941
05246210272560872863
00789012271969000648
00709542997279500157
09963107808625779298
05564587216474499997
00385216571687783331
09542059781516389874
02446308598433325591
06664213816782019178
17344815462108463585
18245209060403113991
15305839321212225378
17794941501479782422
15045737997896413430
16058440520662045528
09252704884195087099
09089183360112647458
03611363210788575497
16677963055307134108
02573654744847600069
01630309155200843972
07212038970193483876
08304757926426332119
05424079058064104129
01273267573391515525
02234290471720671712
02533820868873587225
05805379728879161872
03550060111026803230
07913419446853351007
15089735818323158590
08864041256151520503
15267525563022336143
06568532032234792623
01592840635369521970
07141931645552493784
00915005373839956660
01979389820695179311
14463994214410231829
15973905057573901699
06771821084976964915
18341821070741746138
07312235580328586347
05661662853781926334
10378979508201394872
16980096862523200354
00646742070377281057
05436158493605452808
01850512106851366165
00987624403386739480
14948101811437788502
07990297685307474916
17232108881966698328
07583734372764320935
16997728224650637359
04356842259475947728
03831505629196043599
17446623257822207586
07663097737846442939
01370075726764015441
09364893118577285852
11792165893489068386
13173497786100487058
07418801096775682748
04328227862535804624
08651821820493373431
09757253424200925898
15090779162853106115
08896399408713809332
08912848536169547246
14975163524098230331
03193614211157390866
06486172076315180440
07361057232395145806
02070692308121847061
10711263726097806409
16939702206198053144
08448999414118563777
03657223385868398053
17895613155540807513
04559104693984296088
17177491113041102616
16630539788276820378
14300476295429916525
05375800768732411545
11415372473475294230
01747729133367004444
17602611749702076175
05378946830760749497
13503523648999166560
03285500908346842337
15530518707113602527
12703097101224450840
08279469478601535415
16398222113963340184
17702432892565868443
01408794034551722812
00244011676370146068
01707242506927193854
15200941198627738640
02115830323531220075
11286782121178247596
10133687138919272115
02235687649870229828
07271771486141062466
08254271989250233742
08889782897520041828
06638597549573032112
05928336790225991510
06429360782727187679
15615595580378130836
04781086123164030941
05874977315321214117
16707577569707327879
08110317632644239549
18396620533107880826
08967148562571324782
14134049068585477047
05775895815717561600
01212732983139490999
08852456462936745021
15629333784748786379
16784726782567021466
01590601190384643692
13401136511077563774
08464618523365340170
06477599790231799783
06110706532170989141
13318092841617777548
15312110048413801772
05336301388543953255
12214331082248065647
05201455602909801320
17246490294710890830
11109295084820603984
06353119515507089595
03734409061957192242
00412602268201282064
04671116073823670895
09999208922327297505
16898336394314874862
09692868943025622326
09998044249678706055
16315920928894547599
02144076690685202507
04259240636483409099
04703755188972782835
15058790259934396386
15408797985249026906
01217867622142757063
17268153461332028582
11115551490081971329
09048910673805271241
08090749581584318556
05879331865080903782
07762775851403001131
10168037699080514620
12710082759840423433
05746801776979418780
06568065651881027079
16240291550563145958
01626557566334504569
01069880848429079044
08663747224039000760
03934913148083055095
03399279351643224310
02415899317198838561
18420779488220669138
10392076418278263133
05333716424997696314
15935695735613573931
03436400616130723977
04294209412537038442
11316923847946187632
16854283253326232308
07112560009941330262
08136778971419892186
10421023837208774897
16875525000640178429
10395993629527114777
10078792022954878514
09893183607559561010
02927700007270699499
05967930669929409723
06102186484891773738
00479306119668784775
05729487071388072159
09040587182099463730
12419328369167891940
18137410432199300719
06023533337560512739
16197184086016713011
07478623217884024736
07450615459321338202
08293473112592618738
01415130385696069509
11428366165398480172
05070950469230090853
00203762977461347824
17689714719194079781
00420621842311498009
10573861394364149889
17362846015917280409
02635345883162642250
03072229788265421711
01161086719114593140
08153356628776476643
12583241218737612824
16682828753822951111
15152873451397970890
15429268207928605275
00638861839280530183
15558537500481898199
12313393820503440621
09736822134189480078
16758013228635762127
03849756008557745932
05653709078950905005
17283191573497022745
16892193903130524411
10514970033074971270
14916123917020946085
15228215386122191336
08949558745002614615
00642532096641129965
17594340047555759399
08119970463662251699
11891920314416404846
01899559660174290914
13898808930618242754
16963192975343762324
10409164657348908654
04223770315067995336
07608789256215947648
05324709772059969439
03711699181563450930
01028986673569338678
08118282570543699108
14185300714797334579
09367485320161594231
03144904934136110475
03708023125420358262
15141969957144186761
09721232198109237175
12288639395646618723
09475781640965271330
03119748757832905752
02355378096963847748
01231028246940829544
04561118924293680231
09295855730454134210
03567986730404395698
06462926450652720437
00601421044079902308
04028547602605214686
14803509274783414737
07294670618345202591
11236181854034280012
12389725325228197671
06596361875339012938
10529273701791060191
03433191570522246742
00121946194682419427
11606559750350058047
15592756394557438751
07218982157832664544
04525318896874802329
04132808572679778594
01283107331297143230
09402140742195908977
05054122910259748107
12331714023910908052
14673609847671069129
09445084188225511151
03300725538984843940
17249957086939694391
18242054532216089686
05090588492651973306
02792066140906971774
