180
05989927530644570350
09769972751924717115
07311631285836030608
16133591593715016853
10962571437795834596
13528919195854509284
08242244706644815648
00863259983557609489
11733550556750094028
08344807163308511205
06207214247682463655
14375048611142868903
06552447164670461856
05921672826160682298
07915993971550697064
01837526447389261329
13013294858055342727
09838017057240479412
07822483574033950729
09763253294660711667
14618657283027408800
15484858869331670724
02706200689593999133
18186119735813908798
08606536065138207759
05370808830663471997
15260500512880087613
03290721264070423814
06037587058875792440
02142913686805594957
00216039875150174940
12140874438585283595
13441134268447945492
10500361670458313496
02491082726323147794
15450492897677120095
09765344872889139473
17352787952649648059
07033022752457783085
16423531241177413897
10538211579025454942
12327233021283934210
06192614305866845248
01370053641892075464
10377516640033969086
17576236549271796526
00765379380062072757
14420596542845433163
05526475618444452629
16211083205491077547
13264694661205625341
11255565021599240621
05572608313497188726
08335798687432681238
01433380529237177678
10505391130630121847
17348426873497094777
11009737912246238416
01081423102687898716
06966812754813281949
12126707558965044142
17604757749788818667
12585152771275086111
18212593665726918792
16131105930466779300
07881369631031809746
14929463342955794813
04799521559208956863
12704888533306753605
08366509198647473222
15148777547959182070
04745611854932050472
15994284215288859396
02115808568617667657
00423129666897883769
06634691890180760939
10773965094967325646
09632838621420177497
03788454426332372868
12098242280921112931
09812633172627836122
04664519871057024833
15069268623222290530
11257800287209142366
16610814247144684661
15296663956183400658
04928579981547369829
01200127067300965980
16229489411321357009
11060953341372541045
13386345914593005325
11978783507025872092
13925173526132566499
01470792446471462040
09324893013641832595
06446127050973753686
17557998602594816647
16638586682545564510
00867761026290758032
18030999908643393858
05314947998482350682
06176027231918578936
06487384208646816695
16436875150682538763
03696311220033276510
13046021399740026826
14900742293010697600
14162263264456016768
02954597420221027237
17479081898026385252
17617413836503613850
18374705110760992404
10674550952608673438
17017734039830707156
15303243915274059812
07472089754427156269
11419821067827097771
07035070692994056466
06465963309010868894
03561569302519794691
02693065129345236888
12743591700501046965
07835679805918382123
16752173623174623001
04115865881135394338
16571110346040511121
07821827929125842925
08734909471810028803
13661903937764693180
09765890681105414298
04737410966112266356
04533825341473735794
09313217830240829479
08212849225782915600
13543858578799360056
11650361427977732896
03950654718684512014
11806856808146737946
15259896814387114497
17874902829999423415
15539516284543307497
13073782616312612495
15470063677272935692
06925419488079866613
05605719704158906852
04760074084003928308
12114744056676866122
07892127051723052723
10671622935930352687
13796925065457185909
16458904245677197076
06272933209207940772
05223953980219343846
07932427988746073130
08255803969503529900
12323170248480193880
08023226074746236586
14854497096868165997
11232369077431635788
05413473316196525652
16927309558772883505
02968240650444252098
07287830540914946916
10217586952936094094
01498368218343980490
10497604035232650429
11367624416392554314
00658375105656247109
01521447197350146316
17015164863684187798
18183004312081792326
02429954132223526025
10454109961563531606
15903702863034156231
01348756704999749395
11222353592836445764
01896043212344130031
02368715362705978911
09995470928331390929
07046562287696815485
