900
17917940948734220282
10496348505182612094
03252468476538994886
11919520367298257461
06742912950859584232
13694234992095469465
04168635366363339141
10626556815723921527
13117688603129318115
08561276688559572409
12943700061670820739
03842986098236734300
12183781944553006528
09259528119656344073
03644984779515153301
01957377796139962749
05569712248180445920
01020175967213680990
02516280310220753197
12672038379419494118
05879696254879835015
15710936812255553288
07869199426591623009
02307977232773790042
00579000980557896288
17406245602539894548
09118753244162406174
07239199428084065934
15715182071901141433
03642509157656078355
03063666691387332854
16495537477959891772
06347258567602120636
14845181359003713907
00894944484754221399
10512615761136337441
11072193170055377684
00856974896041861536
13230168850356332831
15418624773878226250
11985611720636943103
00423966195592662664
14292429193720928327
02218202944431176732
02754744863616386119
06519895887591485633
11068776436268666936
09282676918678842755
05694480944674842208
14282207560913576700
02527753865013643955
03840268214110794330
08219349573502464530
09611209142793139684
02445797334515343695
11818002277323088219
04202593123826047724
11552139235568633913
01025062565202768474
09971204475205696621
04419858520609957995
00529726196798287931
02505898460215599950
08096286967119740802
01548133709136635955
17029503624871858457
00824387645184238303
13060211615314244006
12931954344928579424
06986419097214017290
10568618367014760785
10477938678916572769
11402016273647230685
12506685387200662168
03760579525513757770
16432270033025761776
16640086515203060732
08593808933185430939
00640048535212558352
09573257064843020406
05506834251542408874
00183089949346244617
15245886268727876170
01372417328505042037
13561670720624811896
09436708591522579496
12532946428711988402
15821466686223616546
15254100079819904746
07194666319315349621
16933499826320027837
00353834753949088248
01498597512593238244
04017731457356657525
03948353459300120093
10870089192211580248
02201303407521490844
03229728152167395279
01349373352500221046
15553045537972404312
18078897057889044195
16040408119245992431
17252363795502795580
00648016273077734810
13179515304394361416
00475499579464823167
10042032618564104786
04507274530821600815
01509829654083323994
15220351735370026103
16242372332201543773
03691381804747567764
02188269064655436446
12140333564341738655
12966405898099641664
13873874200524575132
01820036015452971741
12269792686928585886
13198377115034097877
11884786050252285250
07803786450842380310
01513342814194640687
00271543000790065923
03311102609501544148
06784447111713206770
14766722509496595321
08068296445461961903
08990359980001343689
13646798155133357526
02082564468814561362
14977459319395105175
08203354875771147985
03192474854586974101
01755150067334060878
08278024677925593896
10875364999686965455
06606500253924069112
08765718308258093270
04617131670339901003
01184070207533027413
17041896790852223655
02210007999717352958
05723840566718619771
13285864676884331008
11029165549218128244
03980061613893656098
01549451124673671281
11958812149110774349
14397607867870540145
12563648536391114489
00527409751560824447
08668221351532019213
02061440238325093778
05518365068754667786
00660343592418184202
05113439397553180845
05860662433374358617
11908605472986242143
04722706078238604439
11559964481005253426
00754800143208955832
02056382920600253727
00693303429013548197
02333059050335460241
07242740228399005190
15854470355638040683
14097547863814937488
05649199721630734401
16451829000396618809
18305699271758630512
01937221708225475484
04635488015937987835
01971951617563604888
16770546166126930004
13865913245187669292
08341104990735174656
09923811573358407326
16390634560318378136
17893440585024324339
11487347066285285907
13745570092707853148
11533012487089904417
10792030297559134447
03967111609437137848
11407319219783842350
12732871872305687806
03244437618820998159
16267569351988991178
02130454938966296465
16117566370410097778
13630808778151226140
15227613504756195422
04567911006136472374
17090477332272225424
14925448752023178663
01748855822111597147
14184470298860283765
06211818275389871108
01248349739146592305
12644816499227241221
00431056527140854545
02070060942007436520
05351366470186421471
14333943781422388078
01943368206338512480
14759004752306074946
05111861104554678983
10531466752056873830
06343460364973413430
07796534802638165249
08761744898162422850
05523942339088926422
14763023412277581105
17239027457857384112
05016104909634832464
02235178089792505475
15523884669268678758
09713754752665896843
15428175958263109401
03622114036965362274
05882357233733333152
06170818705510646363
04503787638465015576
14146916726360413008
16560175090334319580
04592758369369754337
11687656890881337760
07748927750194107657
13231326375565528993
07411787647695186652
08813960082959122111
17016857536183342016
14646166466528778136
15302669505287366645
05602864488902184295
14934008830592764540
07517802115665474542
11415488528707500521
04850713346911465801
15619178211126838500
12563732242544075937
12395179812409201620
00569121679495145105
03182049428746268272
07830500736483761927
04393905501525116484
10155896422394433195
09138079485186409519
02430341272285997376
15624960723435224187
08508996390405813307
15366543457865404730
15877443585026109194
13024402801826721071
08196929180927893047
14426834237259718386
04741696339670567029
00688217205042357147
06985532101326027213
06173634879352814290
02156507812941658064
09214303143207764829
09685769975017564770
09317855734856219641
15136040797709340602
11292037347135025829
01272292846794772712
13028954473966784797
06568395415501032014
06748654446101186297
05979546482955169190
15153652651183685519
01572176441727885821
13764908488411600250
14422825224357845338
09788702693940996732
07693173648162767375
02752331317936111213
13528868755035858043
03503834274593078995
09446640528929096314
06992815085417651506
02945178933674054044
11086777698586708614
09015918627220675534
12924675246931366042
04836659360564205021
14015396635626725053
04421285247554986558
00346509928028851688
07491914650273643962
09793544643690950783
05894745548542309523
16275285734496407528
03703166239608252730
08106938988559098055
05017518233827036831
13414064386461105556
06860630466551000218
17862135422843401896
13673772240279700622
11214426896858520787
09571560580743410189
12825140478608616627
12533274556325951008
05394735445882651728
13159386601326926704
13815528283675523813
16351509194492527583
00673303361138449813
10389926638179309626
15922226196295795803
12805331613416639727
10051063581346782617
13854710345590151588
15417291721347988889
00957218253322124584
08951432247613076216
16889332398582563569
12946686355739796006
03815526227663856268
15727154865349498672
11390483516473815344
17914627616876629598
01925228397265673199
00425732497290984781
11860274424655311059
00971356644076510032
07290753710330990011
04678995035948534813
01746892706747816898
08675213765185377549
04708485975151196487
00823958920809156774
04447991173254820952
13706337971942625295
16068195607700840407
00792938246861841081
09371080250556039817
03366482012868988096
07136225714194298372
01784415412067165077
08024896188368942539
02295078393318610577
16528143860505205594
18031266627396858173
00084921908195433307
11198218249603715886
02510687565809193429
14854687054686189400
06402887185789462555
15103932867230172948
16128917867663396750
12526454943880925797
14909753515164333926
15425697861703105529
16847423565050386019
11988817942546910308
06606261342938982822
15447009438152163285
08308870147703366931
08664140341438696955
03400423499673746917
08131562660292635595
01117390300552675304
07432938130043183279
11612556397225107793
13726090918242186977
15559696956404806860
14472292345926082005
05745512963748680148
15117801562402522415
11112099052990781339
12628244900879208777
11510729272421469046
06168349457723372376
06309932526828724006
05102923300285787636
09851217154295157539
10073093887941986616
01854033861021369227
17544891266864638581
04339909339563022647
09198257590556966352
02163394047440227752
16021418432610272906
18404290072682910694
15313584340843702702
14006818802562622774
13527210897267498921
11444225257253802788
11801408909623296923
17436961709549314994
18036601908442934234
17205554620437498083
08606951938896651770
18263836114546860520
04967324700468514709
02617069659019451447
10660221388930151641
01336339056894841493
06809388244619951042
05837399920078858979
15774672506319080558
12642702622701665918
02933764008635181858
15542080487759457328
05878463983646933000
05445045023535523652
06691529555041905910
13205024340960714731
11651325097393331372
15787949590057322781
07384392423639682302
15761490537157772919
01085605786769494505
10922812460115144248
12361979481908179684
00351007255168988952
08223293177314026276
12279424881302250964
12543966375006895818
03017976356759763819
15636160886911010548
16099644112448093722
09074525391599382147
00534793775211007363
16257892373907717637
07401723005588622374
17397882874423747807
05821131526484723884
11253095919928102262
01808615040064539310
04243166406832604550
00748912543713647332
12059510278764247865
05081674966828371587
11998764201230028691
10554644168125480836
16320213428599265397
17241487320315651890
14384821385131090453
15899942181299897213
12888366374777362738
07148944532833591997
15386840017499266243
18146055167486978027
02753396671639740948
15687540664137813588
14100915624544075189
14598582919990557723
15299028590158756825
17179891268295987905
15888701632788457495
00401367968458552077
13628149716150096026
13199576176846584791
16679432663682477560
09381464402924234482
18094289558527386471
01184200133191230914
14404682060806595757
15515016573289845879
18371064128982022376
02155050225656073400
16082854910460539003
17957120510175573199
12606362388661214528
13521556022841630774
04226947571051673530
02005333928705536076
13691548880318912410
04708423098135998498
12765304542613806813
00083143378220081516
03665080863894321147
15504967902751222984
11702841749254016523
06915109212348273235
00696339506059612927
08187889181069516305
13635372933964426478
08435239700525097763
03339406795087208513
13024614502375527813
02959347282427218038
10436277126855991774
07650194446290798509
00789361135504217690
00220716746873203285
00451872020152910881
09635217165632622737
05286925939303209114
00824928863312413948
06002072294366191725
05641234545340339782
02425622010385114344
05735229998962468522
08076000603975003805
04583448365021298894
14114963034326990000
07561437243423568250
02549880131882424525
03443295774740989518
13090352294202413802
16556632278420588416
04612129675245193624
10785546712343769641
01928349396577067281
10504619809009672761
14228855127351937335
05409943703652738922
04841173699738258809
04028801239464965563
07461243908966066632
02900871501975452513
10457373924560411048
07424327833034877285
04857139540851565553
15547913239227910937
12229184908707509490
06258321579113452537
04125468476314648309
10634862337488385577
07084654107019690420
00184316651209745281
03473188231142820676
06781581017720851669
07916887026370186338
02349175334312061608
13679897167682003879
16107393839227744042
14752663373497037093
15787485633110797469
06759251597530525433
13157736973969342410
08557259376976998765
06782426543963671817
18254651382474087976
16389763939854451584
17569668497422710782
01278619360105153418
00852744902286573365
06673213589048876702
04948249496122105892
10133216622114743732
00964554416546114702
07601937934941500801
02354182970080786500
18385576221865448135
16730960747996460513
07248678268755534139
02254068615219447475
12903206871812796333
01327248795022641113
11888292254404133063
17623868439009520960
18304014025321456359
13464084111985194496
13045120115191575403
09377241726419237840
09397528502366006343
16259586033753686684
15888742270846115215
14040304176425215630
14232672910164817910
12268935953170418957
17679336595856990494
16692738909665272892
02738038708901702436
02253023758454013938
16686362825625491007
15508068029513751710
02773703319821685539
17647544600943260314
11814043467445736165
16357821278169555482
02192759266957909241
03707560431176893934
07872283010334910749
09352715219212012830
14755451922294907162
02482241384186679173
10081327870744611281
00489772456058454977
17551687068777071281
08953481496293671603
04521957720633074848
05318209543759573514
09634927322364951585
15454602208848401713
00237883752324134595
05673200967956469748
04650263993854367146
11054364802883361515
01009872168984888310
09680885060349059316
00427518401251664705
11618715528234409173
08196773072010875425
12028015060801691936
08676884190503433722
09804836205105149532
12186640410617603824
04349445835332647628
07373853731447259486
15075127312285236401
12783627674808388896
09732567472535251062
02700386117747043492
04563035558107501641
03611633754297286331
11274524956141550985
10433634468017150438
14789459930686562367
03216008626687237987
12251067005514951413
09495519865119996110
17962215473368919567
16020826994341162080
08288979155100862586
05152427733341192287
05060769225247449644
03734151487286547332
12645613653027764850
06218462963547312004
07208078522357708757
01525806793070176266
04379375186402036050
14439602912251503889
14421563893078455138
04479129074046046929
06693329093762165136
12545640735247521163
03251366917424924632
08248042542257727011
05761732519864493538
03598927488129629125
09690576647433684816
14270354078750639851
03038704460049347238
12385448011544985800
18440529241614842251
15165408998653256788
01672587408943570452
18182410361696139887
06870223252533586560
07872631899007037894
00167795321521888786
06717682354434784242
16810310946675596575
04620256316498521170
12757205035550998924
02841818910329345120
05098615554053920918
06711992451025823507
10843204709146450278
06805729524456259156
11574202771181381137
06598601053512421069
14047456085448692267
07635608779430920831
01539494437762294485
10965639230356351225
15725161190690777990
12430035028897466843
00991101373261875644
17246165502091172957
08880888458516738138
15056861631119847968
03661493392258374330
09787724571081806592
12354498177163203534
01148020106415481292
03431620282848918999
05191388568858965707
10652611332317389635
16461378716205297381
14015262864667181215
17131426934024398980
14627071424002288025
04309058679120316666
03611804263743649580
02348668259703267582
07647303234585283944
02641986524774623129
01848332304583639176
02433943767953901773
00242332330471285141
13673512349596205675
08454036841019756468
18444445607925781461
01821713644433313205
02206322917571659617
04583531958956258381
10876670830141717326
02071476025437755326
12995728108125408377
02396288087950500983
10460816358391836828
02698594682066076996
04168954855802801075
16918063236925003194
05339312915152652580
08396043940024461562
09748139650816477315
15019779668848750844
18045689954608860791
16450445143310314265
15946239832962327673
11078101024252883352
15087242471541743114
02340464687494694682
05617116647316873987
01020827750415049243
04814157772664381795
17666251996371224504
06694542825508055121
17250949511328775426
03820698456804575300
12050582127239663211
15769411182860072553
11915748990156739583
11624838343598430637
02814408986862348915
06555417207487424863
15433699383488546670
02630040668028425133
08939038545771494288
15160890498192114273
08225341114668086473
08107004648442428039
04945007234622509544
02931308277144462080
03960500664082573365
04291162841001834027
04316152473652627964
11167220757715765919
06116132773772547102
02783259518758591256
08528335519552837716
10922926603821695974
07715500611105527571
07193041278889841655
17913260312875471287
01151762529572300578
05188701493337946928
03848874339950225232
11554354175643658820
03276180271637508875
10569209237264664133
13336716500428191957
15169628996456145418
01727923415304652653
09142533039375954892
02843839517968545635
09318856622329605151
05210027688699680972
10181694000025739394
03766147398226818283
01287821483805957720
09070920307158986989
03905437236329104814
08064193805907895549
03981097980622079074
09895121569212158599
03194229555031912377
15473122468854663673
15051363370049425731
09657622320546289263
09246067538385632977
11871977991308905215
16741210074496418184
03511538172124556295
09583383697824982804
06634026593786565295
07605266080022067721
06481219808824056270
17970824201836771278
03502202838016918160
00836807099102295328
03893928772133965432
02612534485359694691
07522714442250815564
11988517502196494746
01309743182173735243
16781872428685627271
00242912969223419390
15197454250197761268
01594735575768230584
13876598616312828172
09168531834598647894
12476771023942460185
16979725880275403499
13558083616922010284
03382419616005909763
05830757441614918795
00403978849882399237
05964688331323026800
02544975470143665679
10574746861339074648
10072717343328503103
11107903820544522117
02476579666075321766
03811369461576550299
03082730436720819747
03511535549403233152
08940423675639762258
13073159669015763094
01962817344362933433
17601850747621079918
00172192149059760517
00158862061961842906
00562031968865927744
01454786550394664335
06908118612939917535
13197665158065853806
00140748216103237758
07107875065954038609
17986871935149295226
13581458410697734998
14101801111622775198
12564738397731242302
01144298994215075910
10441228123631885559
12496887756388036049
11791830422534497296
13371840269295720361
16641259362175793919
08967739757781820452
15123431103291599637
05964469008002567645
14869593907211666067
16169307643421020861
15530215968684137220
12734267066830528712
18380334878397977154
17185567952830574678
10044680338511863473
13973411879706005766
16939438462684302392
17104607288909283510
13308951959159719330
00185046141492402878
11452749028762998829
09048441822171299667
09031169119026273009
00639851020651877802
11270689801696603869
10693710425917579989
12211731417827945282
09511373584407612056
18141536410616869838
18340019056653246528
09043256795159364199
14801331424846700207
13003611348972828310
10333770176447492752
08863665985476902736
06334478898166619020
03240795992812940392
11628525251014491236
01938643412463605927
01536315492244783586
02230843161295817685
00466192969271202170
07104988632631587597
03714715196401666601
17802226702888727396
16263294503682298349
03301367447369761092
16048388244275161107
18263701077675054675
17090139510978071004
07575153388518383130
05105787174327036938
09901470274555905530
06100132375071166907
08866713683086449537
17620339278484485597
05923002079901751843
08492527926330203153
01663378713392890656
02510453037239790355
07683413372006742318
11859374915189721814
06706315662850478658
17016786338993408807
03928321867593270547
16391227774031405918
17248251236462251257
18210590047477876499
10471607312674509100
02555846138919430921
15605468768843780704
16992552698094931592
04373313672804125706
05406125248129793664
03327615483449794052
13574860694642959692
