3000
07260393043504465094
15778324409296410803
15469520573722671719
02017689704860715176
12305387303035849073
18295826282252001166
00081510983983535054
13192166787567330861
04038222385294665756
03292310206322144985
14445554159571820864
15250567531932752510
11640900479529957362
12756561793227071127
13568403662081513060
06262839170268930219
07255718090400458106
04635597577424231737
04537517029558312536
10399288663645911868
07451134553728824578
13325199245980793112
08597987950819259001
17065935043073662428
05116357075855223502
15657008525855161754
14109665878806608171
01699439717034128312
01040420368262180383
09726862586271663437
10633924003588011686
07039395667733336592
12020287202256233410
16640092913132654246
17775959554996121369
12047353326836725137
03862301016494609646
05936696335041305690
04802122933169130357
04528908896253256594
06554601933875612972
02213834797907499374
05348686686205825789
06650449867756918486
01469396773273679571
06000872673033309883
17430088353659378020
00461309458318548047
17480844915943020331
04254539552675783733
03887265939438884286
17882868652297847038
00657985919837365849
11253263188634179447
16063231713841211568
16845800945737435689
06087503756257549378
12397441064313649765
15297356563908568943
02392316954995297642
14416686542830828850
11025712791573546231
18112557359339347988
11561997388197027421
11052381077371404924
00686817359389228964
00982111068650265800
13056834877060584588
10155659983699940699
10117613054527844672
12095034310544530462
03563903912299904583
05983345249829796101
07408196600289452159
18394860513799042453
05998992522190916318
02094324357617398821
01518529362969426878
12751807068579098678
05262600959175329256
16328288679701591783
09621115398752732232
04340706662720284767
13059769157560785780
02315014516898120232
14449812369659101200
15044771864661379828
09455835319357917526
13418967700630151961
09446841283907183307
07528813993125563133
18104564325484600357
12888277510498206669
14190917380319723926
05999258639111537091
03429729862931087407
06540983288372184140
15548991253524078418
11181034554578942054
00680909610069760147
17001361944235651276
01213284227959781600
06387160764514486577
03780788225141629223
07150847629731891389
11868840385971582721
00348657748915320680
08245992507350303041
00277451070970118226
01434043739495711707
08416273407561933331
17010760766129833590
06370002030881149788
06616758424021677089
02650321053995944477
15116885572438066129
05856902004097124475
10166404822474798330
12549783699388557952
17916759606888413666
16494046363376761633
12230215474627441540
00756220535784515075
02541822484820288714
14820807660948876211
08752910647434861093
17094223019659090293
17059884781472278334
09641356020808625311
00377370980371186545
13671186573272064886
12069846554803756997
15350311406342256037
12040118263072210262
14971798379621534320
05055159467158572495
17744336513526433937
17561023279719821067
09709468112836005894
15202645199120749451
03946464468361356231
11025348576516263144
03951402000176287695
11941180496019293271
17069133332285714110
09438754877541549497
15330374252210095579
14012349722902168920
11767045473065887093
18011690284683244517
16118300097398808863
10801065600925698807
17024455826969857278
11450513343699227928
11385567737050670544
14360609898090086986
01164380560511783993
12676417850866282969
02065201541898718724
18359232907649894103
00043734169107431278
00543489803098255994
07467645650923918261
15950154790851484264
05520232142747549853
13900369651897508712
00738922662714503479
06701818670810831992
02267959973345691861
05736567386785353551
01570582279555825386
16390804492262387599
04687555721587954469
00882837466386629082
00868805634663806074
03161833384815222406
03234548973972555740
11992985924376980357
08230469145529616284
04978603219933817444
09260462533433462144
01695144953551992049
04321354071696786677
00256754251764473422
07986037949265900870
02809229198583603886
04574684205553969395
01083468389528999519
03871378390595717091
05065253167343110211
03732706854128429708
18419494148352661471
10297787264004043509
07486938568002287360
10974479041757577727
18111271029586073547
08150131239551052183
18393983723172573532
11152274319442924957
18128292586791768128
05829898878556356845
12767416760134326833
08860000106395097111
09794112739371616573
00711408624023439096
12967057510253326474
14398601587085065281
12096044502286534121
03540733802748777363
10295021637871910931
09266070934943594192
02884618476609404911
07101434439192226701
15438445205211547721
09441232870968929054
11004987795389717204
14546774436789522390
13647386217735507817
02243022772584158151
04242058722735444115
13584463915454872904
00805578658557261336
09460307356002674705
07858068311133046608
11796051033939194865
17885687869491863539
03840311454158547358
17558586665211351161
10253791892150461507
08270283155851205459
16517270002108496826
16003175071180524052
10867165472346568442
08664315605543995618
12463051369440548715
07247541272770059314
16696075626930140605
08245968610918867111
00310525370402944796
01048330379896602187
05856908081606054016
03840275001999854693
11773007703620135164
08872627100613011447
06159290339825619532
16756114269494458553
13669224007377753322
16658276804636836947
11968047360696466540
08595414843427007082
12583003130102232736
13368825420325267635
08471106362672543645
03865069313414682101
10828402840582243565
11345569942523668164
16893626365922626533
13504949818069932959
06089629082503610136
08191058852030568081
09005074534374360766
15678288986250894903
00808683991760656939
03751661380521377413
04125003930731875415
13702311191519814848
02038956634490064977
06370246676496659410
01453975337534448466
00130816963634228972
15282317123487044003
05553261553133829233
05326933716187637154
00579551087570636645
13233444726326341143
04034264255209066693
06792042955511571578
17903629799821106074
04103765757834104727
14856753569018466197
16288452101043572436
01780671098275672719
15704558132255120381
03125527904556976824
15069243753934505040
08515668541793541434
03581801300352241246
14316347601050994484
06580324198212454473
12040269023161496538
10802382489498869059
03313576343719611218
09423929958710362697
02683222622370424045
13553044337151151774
12497004550889058694
18428359443617809001
03574063967035979417
16682971327168438741
13343043221237981477
13001779612107051355
08739380188865297109
12732308630193326531
08284896031384887110
17190701543510359854
05590542575987800467
08905088986958343295
14270182854780409601
13189923440478321475
00390027993344689755
03707188201161571756
05456822812225182637
09314912617102955152
03790916018998321963
15545741654280409041
03523906564324495920
15754822335526811666
16267231451179806404
13909217844710683203
08182327158858695697
17640394952368716585
16179851243627401663
06129298265017136737
12657049745019125147
15787272314068447427
10578220299228454890
10191590787511759802
06388269384036953759
05111180511515741567
09633545216387470802
03103740117875048501
18063739395027181604
10464796907174755326
14755812233722092373
07022591566619940236
15989129570812544171
08313649813962845454
16749976199876193990
09139271595231480693
00788892939566141882
14815506822927814314
04372162510450770029
12547932202837066618
09963576929258123998
06293011964230588566
00013949466730121940
00067890679725205424
16969225361784961832
03508151667877676636
08667831668967175112
03066101802872381526
03126351801669847883
01716891404814190155
09898630629793921394
05694529638546145735
08203484890463037559
00728485834988409320
03543695990895095957
09429813313641143993
04849310956395073565
09059735627601631515
03415469647721205098
13102766968037425823
00808792783097001130
17800815894352504821
03692803419190164052
04957201218599722053
11383864585395741817
06736665381973465453
00402005129142769979
12249497598908364318
17243778908831476720
09265667802877504722
17825601466072078591
12393980314520519288
08655747593025628655
08767362921704595754
04069680528523116532
17409339769041715808
00885272201411187633
05541121082490268901
01553185013547083013
13865120161994195739
06848247022025091810
15948356078589320519
10072014672576798076
10858925814856253517
07571375413559102055
02803880830713561648
05099705462488871216
02899977857846740853
11385440015547474386
14051176177976894260
11810618370815204911
16599421775308566005
02466614913639748354
13117623198857305016
06721423812234996603
00217923391501275472
11481558624676707364
00969652918567555024
08952822533785519064
01313412379670467877
00586832510332374765
05917193510496775705
12094905456586226917
12170978112919558356
04105269793872008984
02184958051217994614
17930891169410907169
08258179881933687536
13813198310742458072
13247399278064856613
15430174751286787373
15755951208867256242
03469854099846595762
13433631057609313200
10425993493747700494
13787233246025766859
01006961812906096814
15945470967747318989
16892624258755062998
14042277697692511866
13550805794476667926
00136492529568998288
03517853088383620393
05228859643744072497
17060788001876582779
05147100676306817683
03523873244119469998
14220417198589517708
05723986708420425751
14365322042573141180
04519033525811650877
14106903050388046363
07597142374204602394
10829829083132657196
15167668893504372162
01071046382047921781
14469499750052302598
06195746008588886203
16161126961554955853
06444485202938123245
12326186378372473216
18099002614978423752
11202774090307257153
03693054406377087829
06644461409691144899
13299386398236640169
01507502739237049848
01574487445376895701
07058577309168294496
09980828624590348487
04943039786556678710
00108990786171937908
11482822349054637970
05518361428666697430
03684861412739952535
04979884336391335452
12669660886227036498
18400566993668351099
15232177368789605700
03515547376785242078
10839661533236506917
03537157718993479820
13823564617734018462
00557529789023297665
16850192360945213413
05987600164365734514
08514307927762538507
09311495990725460639
10006042116968165361
10747218066547846508
04298146331141031843
04172076148003105187
04632949934227245287
11169632916610778292
03470331782658937374
18198901888400396282
02370971402916608279
16758448075468780001
03867131211938633859
08453101434861051441
14710361635035657630
12629630815358198983
13395313161167497220
02634332526992264141
12987797318179417952
10595153075628209101
09563671442552691317
14037956963185299008
09041699084679425711
17805657356034451466
08112119719678690847
03921535615777063818
14878156248914924511
13772343577247084823
12707656096660906982
00426863215393524132
15161179903473886749
11213574260654785040
02157690199351692167
11383528762600046018
12757765536540252470
10096792944651327290
00310877472487450444
07470346157675284144
14575072740885216824
08853654214925413748
04622442465908479114
14435440043779328082
07494624757469881482
17001806849928914385
02792459021684616618
12660044850934193726
12481449319815437929
11768746035189874899
16829048948015511413
11572076535124058193
01636058121723060767
14822075625309439991
16461830562962894545
06374624966842277321
10593606940214893004
17299128661353524898
07262549035015940857
06316953446656138096
14998723141035217608
05296186973259373084
18248491686719053720
10161289285541147770
04541513866125139048
03113853472467570540
01642301070267587230
15833867533718979113
18117263111645767806
02574079409145283554
03630417777824601070
16024816795756486064
14963096625574956726
02137570431260019027
16898919664918857767
06675696949414809722
01287893328147158451
09396049382050577700
08077114670023826087
05085632989120293938
11175078702880422726
10640317968035563088
18019825861246026679
03514787139352400614
06221276356134891700
01723239095354117468
09585198595142882986
17778763091806042451
04257715451034355553
06347919943138692992
08295526072886949552
11715088830913081538
07056577264235810197
08899978962361722918
14703340074991682783
08009193926615855136
17535553162074124459
18262177156678127198
13070672823711745096
05786138011626121407
03975756225427029975
08694218948171025728
05034560706253133725
02117616581356573297
07663424500536798947
04211377973130640877
15133806382621672244
07545757302566889814
12174378080882764418
11059914523924340948
14748232037367876933
01988397993150592622
06975664829992894018
05280375462684336793
08239347035482880464
10052541596054933116
09285103016854969539
08904937024066606309
06509930260826086505
15995261803865472713
09878816692027157476
04146358948714517509
06064053321292954915
17878771567137721815
16661553877952080723
12235235030923435502
11787245425270687132
16448150811258005079
03819298471578784696
08723894837712217410
17161476739730024937
04197942951446344339
14904393136362169593
15058889873713895579
10849546582992190935
14044287615959595160
13570649275532986219
06872082536691244305
11945134348286403147
17634533761662793443
15858808075964912743
02712364417311005853
11320298328115839111
16264168805946508270
03161678411007266328
05356366759828875110
05303665146123435869
07714594129141049208
08631354808517784418
05352899021692575146
07617688757698225722
00264459875608492187
14047851107103449401
05278626744802931468
00739230800965707845
08080061957897528172
17760995149400442940
05926240233850194896
04499319215391694781
03704876705551578208
05749553924716936076
05453127798053265863
02001586580112106219
05592600106985057546
03085634714448173059
13208865551277041942
17099180077181079118
09316612552225178999
17892117698705984429
13404647610028843422
09605945076715684025
07217278345710876818
11058376793612720521
12137483025272861677
13017068721617814232
13222704566529038121
12210940437368758221
17130335298075449359
07710416843187803652
15801026660087590090
12086351834062079459
09181046665881463250
02896576919997923739
00975658893213525906
09503459175320398037
13794234706047421438
01264077271918881578
00478296808425889956
18394028009622810618
03971071818813181110
14715286530576782189
13150929780281576839
07360067844136703418
12203807258097886863
01149405271807567717
14069803900063451307
16448522046240969194
08025425611131057264
08513152223627308443
17001054159052212380
00004632320187426033
05300998722808177227
10141920746084284409
05148081451052525366
11910694441707332642
05931533947889311523
08258149396521932994
05925610939485834939
09058610667943921792
04812800319391138500
02870470370840088672
12266239323181620677
15844314711988906789
00211333553135026164
02206729111488409269
07786265492316998788
14287392906551593030
13726322643040213459
16269555427356046599
11380022502285977532
09350599172479156313
02940896626665994406
06964380361219127638
07785901446888517976
12559607904598934024
06591488073387636152
08171146057525868442
18203902245002497455
15685279284658091019
09890991287606636526
16279596517675920253
08236613421966437232
02061321963272153505
15874367769728798778
00599992314502813779
11549440261581020589
03268219596582830186
16505403278930546041
14027222546155606614
00500047638677208259
11591239689069421025
00808624314332437779
03740965086176915546
08637322568893771980
15814198644907888410
06363282043296997286
11484837069185561204
02269750492935595256
01611154408121810518
15772789464542889092
11635309622632121200
11299001043736026960
05515855276770291528
10726582432199279372
06916423669367992005
15815260334731956231
08404627672709366189
09855124358903373522
04247736189684907279
07849318251044057789
04111516348077806743
17136023120771830352
11284909170745447310
14041816585797604640
12551812344768864615
03861931021657291460
15575376620659186852
10704017840731924359
04310110971828167100
12901508478180399500
12674545286028946034
02609451596238445697
03622615423486881191
11381143728960516217
07964719432829186534
13739729254060958414
04714489613292655442
01462184298688518870
04361182535406643555
16204109088648783353
00010406002232244132
14323791566703324417
01049226783290469782
18006160175832984627
06248683091567397630
12389998893429972755
14457707302732733407
17186041831089099239
09352042236094130608
09801782386489372061
11672652505917916472
07946955503693681374
01655103572015406055
03636621697331974666
13670963627141142758
18186683675127230669
10909180438261724669
16556095229976610649
05036683941552340241
05902751328232319799
04590890695350476960
04960700534822617964
06533410298997094506
17389826500131717983
05160980086379777672
02552830631435311348
13896375396857072280
17413029818468996312
17250554002502526803
09841315038549541744
06674192256460455386
11643147166010907496
09568163545364511905
16747365486554459843
15247600157804597155
08165494080509069235
07889492258076890634
18384597698786444909
06036857868604012689
00472160337435734137
09700290979257825834
07884999962748527291
05568944898480483783
00643247617613060216
14884830520421041964
07931653313496140274
05219827819219305586
04698766223704181249
15191367182648330480
14122229869976504101
09274114019766031105
14326103809949163285
03236556468023279912
12316478078482752835
17269597752495228064
12756974032339260706
04984959454806263918
05468431622172968439
04228211043779805340
14482659684273923591
04947884633172404162
12481064640192965170
10566415502964190371
07893316059928504152
15800366100771043898
03215004508658452075
03571604908093763375
06360688026848528922
00977032084674056567
10768902532016460123
04669960945688232293
03850092893866128900
06357105639170284947
17676583777055355196
02026580971774442843
05007410819196998656
15714191656465066584
15009510954271628889
09757752226108046256
08790825019499364300
12423788293188726209
06289468607249486441
14447203201554420558
00502491466718105648
04716913480485069194
16701453576664149216
09848207832485357886
09780856109309709862
08538564005680879788
12027364785543834777
03228149784491272664
14667736981057664333
13108416042482765160
17633360350727503443
15372728829216713552
12065391117695462741
14417594084672421588
17175939930440627929
12028162857976928017
12018887289365065360
10926702428238600164
07397906297585554577
04369784000535189183
11437321936720715810
18045778401191471195
10797472578035918045
15810851870095169328
16438001136014427878
12250694159997513420
02051017899609310529
07900115161890234358
15023197408543128845
13887697633333812533
07798473020351081200
07789237784523667273
04242922311423426741
04242814439561918558
05533125721642901669
13239330396374018301
01512211489334952670
16205161752704152708
02329204046536289565
09763332491541370835
15490025510003121912
15990354986982767335
09496573269211901356
04374564186729519268
12605848497600014424
08985086947520510941
00330276986282582813
16811870396281126636
12428101710924843453
01917230864907346263
13904654014247128403
12956791403770181523
09204950991902256001
04249372429811131735
16083809781216160230
15626562632601809631
08331308540699316390
14140323920899091275
01637483026701389664
15241478108693195875
17110865646745670826
16659035968670076633
08568432292949043106
07105183375221733063
17901320891848202584
16512677585282244768
12121426773741188426
15342042145620791301
05061578287738891716
13782609973105392561
11675849766421436592
02042553761161618992
16877518757468770772
00349389137989504815
04674225996252182289
10210873681077372234
18372738081239623490
03999444547991305704
16052345459716485084
07460357213669028619
08068227946777795276
00662054449477687146
10707580804796817228
01830832248436096403
06497556021676489714
12159051894379926733
09736403780622495055
13073857521870730165
14708458697193097952
13031412713571246510
02210649282085088868
04049247058053544764
11381116914342953434
03829779450282600085
08855524425391331413
04100838544008394673
10561576970387139039
06917985622374901545
06887730368448591475
03343822879936756105
03704183215772731658
04210102246780225241
08116581719547344937
06484115257675955977
08276243501317655284
16092952081301605761
12056832761576694662
06539675269643619090
17317620522686601399
04852053544556447976
07425681953278710188
08523649769627034735
01097724687316522880
07788211674953952438
06916976445917336052
17072501985988498062
02486195285810825852
13002690888788147914
11538630353498169768
10146812355604899340
17128029818378898232
00740534030167157558
06635176469215175322
14769203013009502225
12336822283022402161
02376798203256854846
15557897736449137417
10578634223938088207
05555789423580515954
12508946729848367468
08205931357192816467
13386896953003707613
04089256033369311846
00806686741368379019
13199784655493475868
03086976107991307982
04205716212265627457
15321592302884758083
07656172288597039744
04742847088807018342
04976863777772573247
06712183103393127958
02568467404048021143
14803171621829889704
08017990924100210582
03930192520358816851
06386899510142020618
09625718687856500663
11594732633426657496
07144655477650422982
15697703812671272663
08345785178884665649
07111147777921092411
09385869421220908321
09738705574137436331
07443145293399192232
12912229116110190731
16986043022990748460
00841035282907709039
08086927548571675090
08699239704275985226
15633900860237078785
02362953030161992284
04997697279135259946
01339638996672355828
05658817553374313189
01607223368860453692
00137284521767170893
07797700238263623371
02842704522649561958
05283548169245472791
09528991310911241049
17686485311270399761
08504316414021560203
09307752998308838450
04763697440299281730
06850527067098510624
02627922187608179772
05586094435885018372
16489685818740028193
01867484542477528243
07026421415501262873
02532583514433072816
04997030706126374752
00928795165331226877
05013946325724010364
10156483438583285655
08603126004868775986
14056110573910889565
17514995625293105842
10531940332349102843
10934512491125469230
09619046342310205628
15365876726814053987
01086353607376765771
06160333908365259113
12638088132141820766
01167635241814979008
05715477744308579428
18180176412078900301
12647763577249561024
10894577581860287065
06047591950545589720
14503090364983448194
17560111247459802869
17524471437080202085
07997238250073588015
06728584904784417953
01261870744674420666
03746718906675608373
06096750096717275917
16334374602456653175
09180176718862624091
13485644502027565870
17659202604557021015
18046948435062691357
00266825801893669340
15242557607397170276
15174481095737291294
15086967579973445099
10950521207437621642
13616326547265220260
08229369167198719953
17466265380021754138
00221569654233200806
09576965266131047464
07810793914869597125
10250660202719857920
16161352714762121255
03902032047607173260
18330799282198624799
17141788821791400901
07491363652946460211
14455914768902909597
16322151192823399414
06940947777585481460
13592698439498170082
06570898214657785084
17451518512921383020
06782360009788407490
00452544470447334471
01349079277286133707
07358954672640936684
04965540341453839464
00563188357427283927
10406781065521761539
15094282310611560900
09033231679026417359
00721454827202336630
18324527333963029436
16306384044850999914
04092216953363343870
04373908855682885034
00313002919722824994
07303417948241485411
08542782476312825168
18204484556038461886
12223535161448892552
13248838513655236555
06873479941456604763
09758484099481488126
02394863657522268689
02285466742927434894
17733206026811758915
18092774359144910572
01850287754483182280
13483168532314193207
01032121813066717582
00131219255635708690
08886377720198505222
14645984516887140411
02020505495906867910
14911149768642689046
09594691551744496747
16465908139814041455
13423380427315035112
08005058870243859616
06563267879456892726
12612455355017011141
06631350328961752083
16415908884818334996
13501582690868292910
16349704688195465026
06069984943224631546
01954523100523272959
06607786260765890959
13758437561068707446
09847857533768958494
17786523315888539355
13658040734360577852
17540391263616867683
09464718339415330320
13347692049915009501
13917279312867602562
14686731399797316028
00419045910866246394
09686424810879293626
16877217072666158352
12927851996430995381
04215462035935824251
06696450560311752742
05746095015788910416
10496554952724795513
17547705165759026998
05722100625221208923
01695182612811927372
10179505454240072746
00557999637175092110
10427446741128715668
15081510623545454499
05767866636879423804
02696578010487771114
00216893693206674805
03670964588238565878
10332634184558469825
16751536784980738826
05606223114562393210
07544075672176135733
04906920745158067604
04455224513163230414
12988655841032319862
06087542392596992895
02943841737639511145
01670966496307215268
05432181169245614170
07013945780462041646
18339048728111719305
10620982233685195445
00709831820772200031
10483383578941509977
02746371439129922235
17924906405104902903
16154019343375426092
10823261188765273035
00298152693428035875
09508965777944698022
12145624614363725008
10944206508365074140
12705589215084719441
04472365473763620933
09658040239668066942
08013616323333808564
17875119720829260131
10555884158425422348
05694572467390532436
02943736345838387800
04002871914859405648
02117518643769299482
05222484487978722786
17675573043881385428
02691716013880016033
10589781861505720028
17756661442177565334
05611622284411238763
11275604132988126288
16061258208000689881
10796557284093894216
13702457008321542845
08369933155205078993
14351951152511515845
07312452261356009221
09376166901152912394
12683283416401259424
03588662096675235698
08901896935109411137
08413801704828327524
08175976916352520626
00543711567685559694
05545523028226646586
05082515349444213146
12233178448099995604
09055443283959324770
08659361085893142661
01213194565919013915
09095385249525573603
04546909347922319032
02721406896093347890
09063196894105055759
05123087654792995872
01614734425390395045
04330425395247866763
17943225150711700730
15468416646480908742
17413083940053992758
15048772592840884040
13205414419271516916
08951389017067328149
08517809122456780729
17015088312881434229
16790732554375590675
12230137695348203385
08069691134823164765
17143826423533607821
02369001433385784197
13535168192082199559
11355219534139719606
09621471117181521480
03341632441295587721
05901063425419683037
11955805420715961440
02697472079515727310
16338653040772757951
17776160423534689984
07687039804186685090
08298224761105007363
06387222128294425979
06124272496842649190
08832844869147453966
11371537910272037445
04638778465493360140
03549851693539767609
02981477530848581649
13177411334113680978
08941047290097073822
05337717108453056663
13399637745376241362
09306376405654088552
00891434079979610631
14518857981350788153
07710047918663099555
04932386673474846343
01624900033138352811
15884081142359894163
13003561517814768872
03221492528031789784
10999349494305765390
17895529124849757943
05039895778494158459
06188671506905507929
04897567853109269412
17371329961550505989
06055034552176677794
01049002361348560468
14346504883058388432
14923775543774518273
03189977777935804902
13900952393569999793
15689695520296274436
01448076488501073521
18231660349416190537
12754616315890285035
02362560536773349559
00606364185646724465
01418890139929681830
07026491740459242840
00681326789394590949
17832514881033320395
01877123809366468028
13149396477344774006
03939751802172675257
13310107086622546726
16868261811944637183
10662823581740842344
09404666715582649569
11223838885041815910
11658500145255825312
13801212169376389880
12364863224441840988
05700595320357509644
14653793717251302245
09612547022610091475
08593341519474680535
03826647260118892204
11316381023964047621
09133745671685891789
03916474139963086443
02063409470085918737
01461908172903233079
00101713245993880801
14779085523280364968
04763402967017020089
11650730106589223270
06035029637142004555
04853872733042905700
09174548800002861787
15124178702813201616
11652672176180382737
10626475465908297463
05062742838385244518
00469647690879317775
14276330855580667464
15188180523679659918
05678154703827923743
14780481121953882930
10338097433247270713
14031383256611394670
04611450456371878460
12249818907711996465
01787257373093208136
02442835741960825621
12661786968395576243
08937911262902380421
10555855769203311976
11411728066164602894
13073125909807345915
09022554639049493609
17179609775079769140
02326665942414457904
16800986602113549936
01187085492523766390
00495351924389047756
04214094589710755410
10346533964776509905
08382770982707060681
17093783699064420608
05344894269534315543
03753258944941288804
06638468728649772918
11354336636925302788
14181160070500126758
17983365795675615200
13207288003171114948
00550106078474471498
10660402736960863282
01473726024977822744
16820430802444321300
07002578284211819180
09721624072473029164
03176286064039958025
00105544547981981983
01213432011568204908
07444647661462277354
03806912927885102589
10656542004811376582
14103459232589180636
02011567941932092736
14610247943811714270
05033562771611930038
14546882430221776106
03734884151787956320
04478210843848513663
11103897406127038473
16354476389932639904
05522402008738459407
15406768894603063444
05021053081049303524
11745537472323110037
08192032463780705312
10508174570438064101
06354151454995224622
02536119814471145727
03935102498904865970
02888048459046380620
07642649938536488014
11274679234617670484
13337140666742121621
18130579398855805853
02635098783288121476
07284955277418456834
10404274979714556293
10648106563417101472
04393729020491634183
06486972381676844908
11610646263683105658
07893593021025669041
10343964379196069614
04806899396987767325
11893572625248559287
18081738414510609910
08215556770569120502
11665571264944729908
08718239948295152090
08356808155844539341
12974576428281648050
15422434670025430856
06928052069385665670
18282928554545161743
16272034864854345494
08471508325573788312
06063563433427125111
16329997239430091233
10114380376179211723
03596243028737592358
01194348517295339641
01045304854275124681
12133186422959984312
13943090746622147110
05092909495777023584
14540827627096734178
17228194395878736098
09884869824075932219
01805385693824115339
01778443705562997566
12690401184143050291
01303983915066747348
06229463620745172734
16749304941443331035
18153060513478905636
01611672627316792509
14323150994370785324
02343690936159876858
15998525829728205110
05378178926806101570
06645848329960987456
00493151613810962839
08076039124856664214
16685561270158040336
16310355755056371233
06660900828331114094
11833338697352855887
01725917420458432126
09819991072760967578
01532516591485079169
13474830432083877081
00366591417378761112
13562963958741032883
16052717171508841685
13118300796927323196
07358182822289488551
18127729132922195700
05457605568408485975
10265024366180043164
09948699071078404805
05184839551993960405
02367340451236203745
17599091053271862054
17652205041017712270
04447967530842620726
13373405868573043364
16065558595055248894
01018845265476724665
10684714695083459894
11755281329639505154
12911343306342431996
14287883878606926313
12352161837273089196
03367024319389783749
15468819260056494678
04301270368297462881
06427557755543472141
10195048176606308491
03223732140781476112
00747445115592622455
04009706486958480847
12971023986343386414
13391450400993798889
08146446761596997795
07149608511383219553
12561268002671179956
03103911988454332237
03006824051605430387
07201429239370506977
12494883201285369794
04982034586573244190
03353171091984153522
08761443719698359748
13677844826001297564
12185407577573600800
16182760043588071944
14523018656539967819
01588554421585445733
15250143780400388224
08077814657196357811
09698722025755600618
00560615794558009815
00784371456567323213
13635823988170497599
14835815019321025211
17409088218539735388
00365021966135113784
03756267721419173928
03363746382240171675
03111800706761106815
08960411252127936280
10623898546185333312
11233977819832062140
17147031394271530528
15473699136967592072
12378764742559084699
16116854679837073973
11454943434070932475
01858813456742514654
08815324471203909741
01726419097661524147
04876285780592423462
17845933854671532390
13269935919751523465
15467029953179906034
03447727315032057495
10132684043502801836
03669123156382458596
07257773874075936366
13857542519622231463
15678085880949882161
12596392238923156474
12628483223948463938
10516046509515888349
13968234970421132115
04063534901465231039
02068801767044152501
12769922068723894131
12003777562138075630
12731402885598892933
10514916173357808442
04965170495962206935
09402535514676563735
16121360814100612671
07937463075103095207
07389153506194287790
10227192546955406315
08021686638246217246
18275391855392722784
16464054592263899913
13016352513045075778
07366957587900205829
05367659784502252126
13134227109602451790
16442860348284552083
08139587308367847460
09787127969049140881
17017801941107130905
17359325886527377277
02160804446263606876
05136226577442722688
00406681210891374657
04117963786704194298
06658697221974224672
07504555270175261422
09704401399522498190
12931648384598896160
04897055782489124833
05266742414579122037
14104871921741908729
14080942423161015456
14475233387921687678
01122402642397479820
06360988511703059130
17342917436057947160
06761108833549866330
07559697683245284127
02464378406651781759
17668940603925122449
02718230300857551923
15017587402423939340
08496890910846915602
12046228916043970915
12048678028868256288
11329758448302400707
01269564636779642657
01719793550447316746
14870788340702214857
14542617185901050803
17426703578709512084
01609621553181454237
07878313126229429838
11120277086933611131
12586993996555096432
04783595948132408269
02396659674391267051
12898261907466706083
17185602882131180687
08329185608656502480
05670582634420930239
09297831773374874925
09226830249655204866
15496848860535831863
02246610413869818788
08041186469907098803
16362598933991915205
12231696862486764647
12208546685107504654
10726830147150466173
02195067577021399956
12974597437258994460
13517091240987525578
10487144306084646677
10180057786045103467
01737724542961219954
17495802951410483328
05884948511979510896
08503990545108543439
13457682506457763006
06642692689025589547
15451218644772154128
18379533563693671006
00351552903240168467
02832634418278544182
06081176645523049309
11126668804774093693
11556846540480787819
05629523294755703510
05931668314122201014
04777259696912781108
04721245037051101313
04767032602452160154
01524304297225709255
03894918156703293043
10632344171575133990
13017377340408060739
16837032990043821980
14180672686972254851
18394616013303504724
02883755634734347705
01924457302631093809
15137527227387340602
16493149945181209917
00195563338986837704
14421625719581291773
09948699440789984320
12828150424354681030
06234719351299830250
14283344012659364021
18227889295260395461
14219529522973200661
17651066779511236956
09869022737739600868
05618205982225068290
03701360190087959871
13129388800347036061
10099154168506712616
02598191813959822091
10832030658770071978
06045705349317691792
17440219333452812181
02422594736432030666
11831172347924388685
11105281997407866115
09596790460859531100
14630323823044361201
04921962806498412650
02630113160503865191
16992052229166602854
13654860859723496575
16791097905564519706
12574223942316443315
05409279852757273946
04835613346531778185
07690016702339710343
01754355311232007100
13774976573105903483
11599121853208628572
16401350153046641718
00810690567881479411
17354023461738855654
06372003048515794666
10993362963665517018
01627469271866875767
10689059364146833876
02610585593363766771
07634937514798718708
09249882623726209683
09256497539350609962
14685107503748433284
08783241938265006157
15838347413727792400
16680581622122701130
14925118347700093139
09364911366218783180
00898990173355733199
06040008174605690413
04908934444573477689
10070601700728954839
18039605002234626346
16828659715738667510
06069104282075552242
14474963037637659196
10440135558067914309
17926056520802033317
15328388148693999646
02384814802418042416
17376380739288568196
13719607985468006226
06947336122385662886
02848611658630572530
08606927022789306456
17623035590273924956
04954053724052046176
08630050933419586017
16883142054743239860
02664702135770089811
15710479010123638944
06123306124173090918
10280239425378959996
03689905152687105532
05167384875717224331
15750842547093017464
10823687647864194345
04359870337676048002
15426624243604319497
05338849805090467878
02925754848094300840
03979828743743526087
16060323977824891008
03749669957182882824
08824384457828962184
17338408985639293920
14563141682334356295
09255898513718913114
02271025204988848975
07227974988571452913
03014005858561993321
06383228614762939340
00478878075455600930
13863004464942074176
05332937891930013501
01991532656342456977
08795105127524889501
13185499675297947626
13607127163615163281
11026098464857848300
09353993915039046075
06621571194152062700
00942963546812904206
10193508405014664869
02475241460144743515
05843668834855464530
07995677725744253151
00744748246897120364
13076445125952062052
06858769144707254143
14123612623313025347
05138284236437419954
11282751213387474256
00781798098881427718
03019460067129526086
00772148742130067967
08459684721973524180
02663874378221442935
16617097545244440027
18400889272915390275
12397807736730269273
10669185524170498658
17665463660212193211
07727630691089179306
04254863123641816594
06382111533417600770
13024600203697924582
02031870540002824454
07616929079754085534
14677088380544459216
06347024294859147406
00483859491767389762
10890734009236571995
12472240501691163795
16076669473979279819
17379610620519114157
00011079417685526727
12306089280284168715
08774379453583193227
18263672981809681404
07822099296249391097
01414395223095412802
08558035106919162694
14195622451614113744
15727186021793115226
11261476029955084968
04887072503826604383
02565188469854790997
04424380329152536243
08281834343930368054
06255265653026976272
15793483997772239789
05066298723827673922
17387620403370565542
07186057485387898699
11618898160584702148
12342515137751714197
14703020545321136474
10750869620165157739
08914426372690829082
06448787718036061132
10652248203163745462
04183759534173241908
00348928083054025016
11216064374278744695
16223970728423274605
13576054071641347372
05718662058074919028
13031894820816238662
00255759878404651120
16499599278345310602
11310572181908844479
11479586124451138365
08770886258292398217
10477278867219342832
10715202581628939334
04507579436544315504
09685748902558205932
03082216632500791039
15920470942365282972
17979047915794950791
07320620490806880155
11264137913199270542
08404929480364779872
09967902768925771777
16520227031120160224
17525108296590846262
13926555839206912984
17413924674306699043
18027056171481368912
04592924843463155800
10357541546129318059
17290912462887178470
04366312712248865602
13842057258574687636
09420568351241661908
16950975811478899437
11906834433098232146
16298362430979379408
07787077610500762828
08508149306497985017
03122095187280057031
07018466782033319143
01865442838625478206
07711260513830320408
02238108950649424898
13763168532109643209
00484032923088715846
12774708285791317526
03235133325435353836
04860425044384194514
16979195142430555275
04486183022200444487
16246521243296698612
16054113632180598354
15212749144482653846
18163427125572541878
15056145063200067164
12565648236812566070
14393323845109481669
04423161989717433263
12403803474170240349
00670186318328034134
06833543366380970823
04193310788835601441
17668061035838260064
02536789969132948772
07570339264918690773
12059951261155552027
05054694775547864603
17495167903698739919
06586999283526421431
03403847627763366217
14829575937175698708
14582339369212558310
01283080217275704277
07306145282948555176
12909381611249138412
04283411889478221212
15605945481227689911
11738796845887002644
14111016239836768798
11856544053535959163
17771623868616602204
11604542772988209009
01358689429893329638
09490996287414196428
03210803101201609154
15462431237175464785
07755644127210023211
04485740670446223785
15793389165124190943
07145796170721988978
00798767901853163064
14387357883186894133
14062883091418449673
15103385980208888704
05791287655560058458
05500223605697368656
13039280945528563181
09837996372435695445
15989243296381436419
11010926495952596935
06697808636436580662
08200336541011906970
11581019289271859024
17041536754983143422
02049359305934752896
06286240538943661510
02942293662020072055
02881309311682488470
04607669177185329699
02568334900040480664
09596360013791555037
16312635877797010538
05553617442182145420
11698453267273528809
05643932415818352744
15789617887662218185
12050626899978782465
03478505518392284277
16364896784875932759
17335563842242273453
03349216464407812850
14796793160481412968
17717651705396924079
01055106422929319483
10499758546722493080
16128901660620098576
15314123313161458946
04001867159891929585
13637070487185243241
02146106795567027454
07369113216777717463
12559855837604637481
12389147837840288552
14853665267769720477
14261275140914638868
14757399416416040610
13555280718526200026
10272545784789977598
00330165170751450508
02470125583096358044
04165544878742865934
09173301273040788059
03609604874984012082
03859397636527631188
06054950789455899574
08149592558997677892
14651457083867240200
14344714881900101306
05000948465230745914
08377030087624304354
16248728326027331565
10159884081849455746
04950417199918595607
08879850691768888480
08038694732333837336
11316732664091341678
10860142949931996677
05451072791006620795
07690867402425838557
15256692452642156998
07993681012227946228
10863556123930317207
10221120589981848829
15134552371556788439
17172861122863706168
11562871134783009142
05061496712894578087
09241995759606290919
18178092071633880535
06809826812240648868
09964147006446571110
11976680547915346659
10235072407957075012
09963022222929810146
10380386288674857728
14320445166757509253
12050915948255715196
05232230647210039840
11410431075904591961
01162633007648589220
02107305721758887946
11345881484439951646
16216872547704288358
11501401099175309953
15683988239903449031
07612990707190880427
05144787956174773974
17538081973534596629
07267812295863606979
05087144847943200262
13549591711106023208
02562067207661612778
01101758586250169963
02138485810402635252
05153555488042696458
09790105201603468499
07383862291539559324
05701629808767383310
16459447132351337865
07920133116821930362
18358193540814953111
11409175107470292520
14024739596858616342
01477100004465093035
05408062386373042975
12171356951862653471
08930596247468060029
02190297259531605545
15334090015951595801
13384852534780966711
05870008582610186947
00525376175636998423
09866964536783549526
09957346655005056786
12135760688602699580
04859686732897693198
16189196049737708302
02862267019898184573
15589682013985367593
03096660837023562791
05663566277112985509
11346349752434505423
06332240782606762898
15810347310434713465
13362703081871598686
00490333141176024233
09976752497288630907
09033519995629486446
10594455183029388769
17531121710997971230
12409001309185431996
11736848654593636543
07487434399157297773
13217667230261055659
10295274381725908127
01840050129525366832
11534805824439356806
01468698911866270116
12064585055622613605
02857333048310408732
05879156737222943158
12862333754553133101
03646291783767979060
09363857996102126767
08687150541853082981
07605982382164992626
07621559243031679792
12369563379471377925
07742467629721817166
02933284375439784317
08206898460160039571
03478720703225208825
10413786877087662098
08518468675765892561
01130617333573753007
12939910427197743104
11091992825658788971
00196498703143452766
13149035417559475704
10458658884846211621
12720150167465839254
17969923646156558403
05231892891204016508
11761131674888156020
07894181061428774928
10045450709228113309
06252041998686650368
12447589655361499019
16370071590840850898
06028896211635765779
06639396775753455591
07909327579496318551
15984633682497566899
13730325965359153518
12400395654221881660
14977576074932073034
00290072160031605561
02194733191285637385
14976517299340380217
15916174328241262445
08253549386113111594
03626422814932315828
17406311933865436073
15887736284804977159
04576871606870213042
10022721777639895408
11821481511233427320
13153361462537803828
16713382263879913959
02808056494806824341
18351288662711349137
14133466754129047505
13191348041136497744
15356928865091107790
09917594821835572089
15384642606420700028
16589981735184638154
09533002909194700722
03163698760712259735
02958431512611320979
03053900250779477152
15416787894027258005
09680736003245543411
07915694377865677381
08829167182953031887
12435156471053033697
07947819814997054531
05125044778334964445
17813399039549131871
05160235203285803308
05977486681018662413
10164604622207831229
06100119703172156950
15354700962418188290
01920770503523871240
04188529259915868271
16704076016198366099
04212378364376924039
12889176475290618637
06679602803273814433
06502794086328529895
10318351622117468705
01039626272482760178
14735425635500775650
08507824940690653640
16471038539980961673
00963240742128577361
04874171406664137194
07453651502558503519
05950906173779337708
05329899630393406291
06580383311891587322
04439971228911332757
02265850800265494781
13095861541473639544
17151288484744995078
05968541309185241905
16994681318438934151
07447140802728589636
15641889870082276294
07244446358333765634
14730510467280966030
12660617203104708603
06048665225774689579
08836238541406247972
15090945401950849260
17080794011023166846
11731309908670270136
13029321983148867106
01923598783977803189
13044011619766460590
02867729829197939826
07506989134567458839
09343407190020866192
09183293439872019858
10745216166518919746
01021227920762799479
14104527859104533442
05964960401064412282
14627917705060364153
06463183315988190571
09436491171755421006
17202150600955308513
00974314754708418294
12339193000190693745
13727021547827247194
12092663480594937116
14268569366855038094
13099940450039667217
12798705377968887151
05961714042934445859
06030660307818157594
07595067098176569270
02943143036584771932
13238990814104769614
01991647025775338233
13392737605999174534
06625110766010567456
02935694303005666372
17807666463962349887
00626702280738825314
00322827427781020559
11056302720874707127
11127144659791493867
15838933437399094748
06481962670120061331
01313963593743757723
09194882407858295089
00261545193640276040
04870464906606860449
11849941132171963773
09937376858703719746
10024410831591556615
06867014166826418541
16226871586117764455
07574371988755377029
03341105220650428410
03787653533351845686
10420594655694672305
06211319552679175050
13058183068387791122
07201076623397688344
15555908389522288737
18351833308687105728
01671357442550653096
16904367216600906761
04861698751418521610
03910410050309465246
10953813124956403452
11804788969986680993
09954464397710690484
11875256997148635632
15534330940138853836
13471149640251422336
02821362337411627269
09161056509842140593
08579945121998874993
14435878550988970987
01056139443778290986
10167071759035181757
15270601743772888960
11032183323289027381
12524415681381520675
01764396227303094744
14452377422283246325
02661204363767453345
12387257067218611264
00295308402558796490
05084867956547726150
16703515001357294363
07700653538680229266
13562082495442391714
04889223594640903904
09616334102744557900
04301913451719680030
03382542830535832002
12839616230985704215
13038875089105272977
03457958224906601933
16151496370930067187
02084388395715286249
06435482448403668472
02910686302556890930
12384153996576705738
00256886741304618096
16495668532546010753
16107214744367117370
03469240193445859197
07550138503842171158
18006038341871137330
11626623110105932462
18386496980608289350
07532703238130751048
00833775703402390409
07725740700052587568
04416455170834359372
01962242333101492827
08069179977803966564
07725204710345442431
04558731968795045187
07779666072983836496
06043186720321625012
04955346537612969005
10660229439917130321
16536146136090168736
17782859022240745334
04094025135316074179
06991795958849715875
09864451205041589928
12298726150881662065
16920558531702438386
01494684076863334862
12369323763918905286
13206177162621230939
17183821085467575973
10886281668384988136
11465264937688820809
05655571251635058591
05775428289172470640
01711392902634666948
09451871120921298957
08854400546256741117
08179817583504755572
04526175141053855992
06192417711257753022
10000022547568675565
05946241363054909853
13849436440602664714
08543887850197045100
13002925050969480539
05274146758073836301
14172726346251856791
00367586869464786930
06819452123889992289
09823618553586573028
14027444956966009997
06489719962612220116
17641381847948075296
06628082452649866026
06693265347969461365
06838088353991391300
13632860310504389318
07789621396768630324
17907060910783022582
17854913029168458450
10580677887212140820
02501079550153540721
00942903540587282317
04014760877834123381
15704963599128467018
11826815304257041743
05387412664162544314
01420198872590722557
14383329144153852070
04267926462658196267
15139635525050841671
08553978648410966635
13235548314985401037
00807552109983465340
05999039141423292773
03903485542402959213
17005585807615593078
18097084583079016411
13154930149055411287
10813771500182580641
07645004020205908638
15536809360681296471
06084347898851768694
00371615400503231756
00854959641621054963
17863577739673632716
02419706044529926416
09076665048971835459
15670463275236256865
03718786435064249269
13593956999933438801
06186826331645071261
05885783820814366945
12416325309820577789
14599347042364174310
18074576268718231155
11801408701674712846
18321410420760676169
16313434741108742214
15845636786044043050
10631174924876325815
16886230060249132854
00932375132394406684
01253418865932399382
10104508524225108568
09865228048141969338
08122918391243734914
06669438798711617603
14215948800552778512
01192778866688494775
16406915081993751629
09434447712419889678
06432908493477952245
09108286321664477579
03041970962093920610
11722122947507681786
16027720772597677053
16061407468091287928
04896598830121345594
11378087771637942532
09011119067325744615
13131336387067163733
09458754707991912237
17566538976151258876
02221443320826380852
18113477750635455010
12689655024040943828
01132091574196926285
13649529064776321629
06740713128781324143
13548980906541930523
05705569835518538071
04495266219075117891
04663931557622173938
12802831569355378099
13056099035329355596
11238478327490726018
11909691213097218287
10033140066634894390
05726018693271934191
10049948370221376159
08575628652235157408
16726028479695028507
00972280971095869542
02169664429699437550
03327216762299975030
13373018275393436393
08902207398540355445
15496211727428882167
06356384766633039501
07409977806224774731
09759631765104165517
14208073313000044346
13634645964462719366
18129173335821080232
04718821903116672957
02882396810609064904
06975938732154588689
18012558487140978000
14839424614681859184
17394500755978326379
13551692050976044087
12796447323284392741
11991743298321557484
08807333146232185537
08966235591304651135
12689754009338615375
13934332718692261586
00770392848311936173
17869192842879490542
06370070650733718149
01640669729383948797
11313679476564669266
00529594034983193899
10160848894762991829
10226715989051908124
18224639884145378625
05748693120786665777
05419757857427391762
06524842628154277270
02451387043585638009
18416498227887834963
15544981837688739534
07255557957535946914
13471138168818626821
14832678865345867320
12262090579207486103
09359324679620112560
02022648312220912617
09897092302747335119
02084813443516353086
15570005069097524983
13781205110664103276
13986762654069180735
11751996283652707562
09709114469850018885
13711365406856732965
16079170011011792811
09496046834299255879
02250084068346251595
08506960078202841179
06935445962550646079
04847771443229221113
09643346493474123465
08190820282522670400
10778050377319301390
06126829831356983324
14400312217073614981
13579095577953559105
04486862109351321969
05068851165445447079
16928324091218691098
05326219560063062185
03019056687241463950
14516475588801831975
05454953402341965278
07522081442366131222
06086368059073707917
14726530614927644962
11455414438053757940
16965995738318099659
00721754822528793066
01592740832798862902
16958937083189372917
10882412851289446513
18102204004891656169
02445362398524776657
02038044503656561933
13462320913019243916
02846922165028768520
10714880284944968712
04142869317267863643
17362666539749666864
00387611494828604130
17651993516938974322
09507824129157197702
00981885710731848825
01239296982219841534
08118272411503567498
14362019338536361635
17461491887828141240
06235328503233272288
09579470449233544245
11610528150349016006
00180943841142007700
09897626217654148575
17697962043806844290
16299456418324055628
07742585030282808037
11122136550543565172
06431279787700499651
06592304174058974885
07650939377950169698
10157725216762555920
04770371440586152119
16373793843463118163
09233827109367938930
12847771775080195232
08510579456458891909
03291950963585797452
05403110925902730134
03350172688351956981
00920544936023809562
06543598863055370618
17053055048146934719
11561347796318475694
17438153695837296958
12890924378813797359
09343354316767117030
06785018291641394035
10170210440148740907
00751267357186399623
03205341439446859544
08700881425976748396
11556716892769877722
06933209432685864627
05276360513474526517
05163353383720168365
05574419245258936275
02050683932007257349
13396482227815172286
07406094272975386959
04826930512145546089
03993443137743644866
06381404772069403992
05656196941615645630
14076457339851773481
01961704141765788286
16238340987611954923
17778870591170655493
03389462216030776212
13594512832710785873
15141267422067878496
01957889473311134288
15295058208285422156
11992048482467208179
07935799673365251038
16797190071447819887
17010473808830816699
16708969438931762674
08446343563836589547
16177550820556087113
13591077854168615244
12882677746900609939
04495175247114864032
06953290602463833420
07046209503521961271
00201868371815180255
05857760385077442143
01994900622949178983
13774995128282828523
10183613429158608958
14965782125073172624
08764397103742343811
06685260990128995083
17156301117928062681
05336243085589369094
00046288984296071589
01959114064628002957
07506869679619500900
16751236052355245611
18051998490451076769
05501513624170731432
00586729424854289731
14308112558497596404
13353180871930358235
02144941627685521124
10948343896754604855
02868940478299907218
14816496040947982686
14378200908822511854
02485126999249570846
09619847127318131842
09019443389223485471
08686725684741069416
01604626379134540821
08901105329003209350
08420415924403753795
15338386180077044613
07705623029604328133
03611629636021861941
04000365220141162425
12586258294828310530
02932455687762864155
15337239491351094909
17262164213346083298
16924033713724587790
16835674877923697937
13247565699735427031
04806533620757486026
13160359082762577063
07690264733527760151
01509769184553147977
18342578990116565096
02493006213085088561
05488299025502447765
05450252355494332043
06812867285039133525
07241215491762802797
01730158286465255030
10693408945394692099
14706522165053581024
18295989943948705397
10224845751809491930
14206564583712883890
14981411579796183574
10368161113372963469
06583738140002768000
09232268624848981046
05396761665425413891
07092791949475891928
09638001174216934057
02154545939977308396
16761990880957610097
04455543608479879322
04329696611714315238
17615187875475112434
12317485796975913424
15752220998257209868
02184921892655697468
16187590430859773879
11702591563201664381
06569017240755883409
12889854607806658796
17935517287169590618
03614001980920587170
04040004329557338251
10098572553445946738
02722347480181067489
08693581863593225100
07215783909146329979
09647665623961044581
08497396321888883380
17559987694308858561
01784259173349632285
00847317268475611810
05825301360658791805
08717596751263792995
00591899357927862185
14439466448717995494
17099718439737919488
04688762883680198405
04276031918911558985
05997540875593763085
04082043824912390110
05570442893563123544
18419725230548830148
06521732076709324944
13783682656940362424
02874169747190311699
16920644271479507949
12486555078031917028
03741432273398602006
02440345140761972961
03656793384355945056
06037016523721474699
17207011966123093813
00986477003452018477
10946549095706225600
13052766428498389675
11473309865115708719
12950986835877626134
01595540586531418301
05928601644254148997
06546846917074330409
11197035282543652960
09715658814581480604
05094374890558259405
16701641529486284733
00697454043870841372
14829019449879359591
06353472166283685293
05551134958124278639
17372005593062471798
04200588312542186317
03499176682029853781
16897031717857466205
15838499656166961108
07467757382985646102
01507193587966800616
08882609281402446358
16755446805342338921
04426629065019150596
04710174153872896920
18097233197692630069
11813951352937416184
04734183337326627493
13363916924890202653
16308767614985620666
15189596149558946121
06833847394337153309
17579843910065899133
00465001859767450975
10005764691416525868
17125237426159004727
16992505401670545555
04801066009295503726
00070833315731536664
00678205606542827843
01152598452741870867
00260849846993844969
13092390725502715035
11157543322662981605
14676485113360647718
08795547081041945795
16660600057344293913
11229168951621097943
14598904516427238970
00965380961845038572
03029935765563374961
09744167454676837505
06999767371463737660
04839217462013979212
01001194732428070546
09585664641537874521
17721534046677966543
04316090201468265592
15088843562343408240
05031079417652269259
17991724598504350825
10450355076021441298
08638895448423510608
01853019750511511590
10519503219393705490
11314085187636707940
15918745037198775145
18336434816906056681
17792593283193592328
03295149934634069947
07713897864778185485
01302238917187826837
01564031664085040449
09392896741470964662
12779004208388166986
12613866698065906422
17242947611450121155
05247493935962175707
11043802128931519284
03440884891156231972
15062524289616394138
10995068217269938515
02241021982003503196
10335873466543667573
09438666190321323246
02361399517956791678
00004335300475216002
08367012099742910528
09338975445235918715
14897823864086145384
15101986050628973332
08498483956490054117
10599302781390101887
17935606507414792511
08153556318163832788
16092874356747196451
09113955132979236215
07136279123849709739
01829391320532773931
09686445312034063452
12936948185538298905
05475238193512949741
05018438880617850244
01278328625267701873
10715421856383507202
18044124469304055191
14209827009354341916
09946322115225245119
12371086245115753942
15943095469025999895
07006138792102019554
00117046200868607236
16018361673316186010
15277999756650691013
13136081940615029133
03984207397079804988
03777295662549466916
09856140739014560953
10590045291048487074
15008759463753945041
15315473666164459881
06815066663420275430
06971384734658298509
01681924541263905393
04147852006258870690
12674855912395667210
01342483029228206384
00960916462768090694
09304040831010325028
13867241157844364389
04187855582766694451
05680291274094931149
02640525307216774247
15847280270040744502
07793689702520589503
03760086905028358634
00895610336467514339
00305898534438004041
09900900427972259173
17008276308502264740
16776466003974646056
07974063374577586532
13693873187544638252
05856391244351319916
14945228396056233849
10545780595599624350
08771783537387527178
03510002912394066131
11970134555374921096
06291668631098575808
04787484994845165353
14270848101237959100
17445465198169605548
10128887475937886210
17454547521008330570
12721120745875385174
17227553179745034059
15155769897720028402
13679157407659162966
08863422319911800737
14797739876415164171
06549541298135218107
17622300227475821899
05800281465245011376
15036341960681615481
04153719904685269229
11345956521968374452
09571779745797991788
06613086709373028656
16875296619240363432
10917902404093067848
01458055380921245497
14522661095607078727
00289717838513090037
08745362597558654432
08410802109540743620
13549541141413789543
10001241065657480543
09631827974627900486
12782009634637146704
11035888017586540118
04080708585548646849
16073744633023483159
10248938774214511595
09567258148915326067
08739556587146782858
16305889558081997506
04502465985862588441
12136904592335997174
09809017654763221741
11302546040489851153
09060850796572161961
12806077096724045206
03638280751049559117
18225793273601712917
16466877170330559993
16219095571767150465
13281597771035233533
02919150792805222300
15045869965841738671
07243483512639246912
07142784582781439548
18101969192273991066
08454013401455662942
03386495800526029589
07441538005529003494
05131871811053477437
00174057674548482749
06055329593361329975
04402990299901178694
10233048275730828146
05717808136652363983
14774023873293995791
00562738833458185649
15831030486818504991
06462601077874587932
10997130325518432349
00050251883223751904
00625827157030756527
04296130205570673227
11110917137126966570
14123017053005191339
06094835034671684652
07238513471621728838
07634225721005643028
13204047998654918925
14982933000933947282
02614825666941557979
05050688393620031518
03577449367653894276
02715425623030443999
10447312540015906140
08259146356099702544
08262526934588303139
07383835052340738167
17553647933213794936
05590144180405888613
07894417140774109268
13530516116549699811
15146175025152343000
09792640594063204208
11237370521515397751
09859163406724146685
17790433524421537959
11483791738912548474
13397784119217006945
02215221879121349159
13794151789254282429
06224503205022126373
11106828074566793091
06885081411728603376
04038628877318884378
10189588808748383017
03370064164133949515
06866910976729169723
09376539511786419483
05865221535515243962
02668265748395450684
17422964063214819660
13729308758845585814
08433543998962183658
14458128148459656529
11011696563970259777
13939427064044520957
03320298542695071742
08191915882401514391
14655611248164634561
05868575248385469605
15802732696531541287
14923823096258498652
04079981445524226471
03354712917459655754
17038324747202305288
02596048834610620610
10677368566693527601
10561521923012410641
00441769052321610403
17910542142054793614
15602463959667223072
03435060970831630167
13794055644866291486
06661617236918713400
02347872845696966856
10631043472272259691
14418978380350278768
05074091743688980285
11253698620865486803
17796734342094405261
17386785762048685811
13737363268178802703
03364139506402474118
01837007124596964674
04737617365474174404
00980436229996165678
17509676653932899363
08070048895265115874
10855896874094769154
16726165305153889096
05578972081250355530
11256617923030238320
15213512313029118914
06280734147002448130
07441904160030785624
00080351038588414653
07718669319312849060
04375790661632899830
08764635883691817642
06929389215920810579
11174780710973413369
08245498477315397940
17598840365159111630
00797054573938212502
10185606123975303539
04693607099970643285
10220492440541271435
04743474168483449417
03508123528211055288
02274941796631393754
14903261216152015401
13055531520199995689
07031900365226897224
09241740083334490880
08110532641630199581
16341163904007774037
10943086453517993091
12193854007727384334
12507536029275760217
05732402303011748815
02124080264155480623
16026192267954619992
09967331851288829234
04879523509326511566
06391687080917642094
01146776690091538755
13916129704658181704
15574332715620800951
01477785354455487483
16334792600751581660
07182951287016454382
15974417993955196813
02167132578919239745
12013527821755232296
12899990684006337624
