400
02050380138499813429
16428056668740436026
07098440937907515316
04254091404068777218
07307534132113162586
12190402575897008644
01068956809450387034
02942142548474196859
09836190518019337734
03615773096425441650
09343574075120048554
02977376606806960940
13237520466366980624
04518769966127378633
06435269551280919369
09085047782961024432
15670713205854390506
05517336189249684119
17618921569925008237
15547174801380803817
00085440569700494516
17635486407446900409
03200987857056148857
05095945254709035084
18419716334045911507
04876506433972586434
12490385479835212934
00784406440729872026
15172203923836048991
04948775701731367178
07883550220327939927
01706592632323646228
18417270519101842937
17746605462981172044
17104058204200790936
08385945869200854045
04180635202790467690
09145248561749959577
03966383134461089280
11700466503483803698
11016287316973906021
07795907048427861210
00192437943123699274
00431838748915214549
01782091604287367793
16106738170729015261
13400027853707574091
17782255177955106123
09134483483923202151
08002563811060544003
16118695875173784626
07310914157782739732
04932842390084376890
16816708772412460138
06103820565323797653
13464035023366308362
12522730185321951618
13271422594277741339
00915817520658428611
02576652891129006450
15361031483292321818
13808665988574968025
05460754594804535689
08550897696003051058
09207141520747247263
04756397866484292748
04992319287015772663
06633281894564297803
01913387305049389067
10258379878937461048
01695864327275490550
04174593597629997153
07553686477907538825
15088536288757081261
18047291081761146572
01076184768844042432
00526366653489025229
00627758311740979871
06643585197436000924
07655186458947131133
01116756424593912577
04859747428793539108
01303431091613044928
11988301007149989675
17011231029670702267
02705786607487014419
08764160652293812692
18199578088770296155
03460007362529201412
11819153217943094327
00636026591725045401
11155513308929903120
01984411933005639324
14817263976780569954
13961092960308832429
04117759269213752426
07819816619039127448
01176797564961918595
06610456024037499577
02823519524298326201
06261648400635294894
17907484697091641073
07151901612234640401
07585276420521685802
04779407660836090944
11028964063227923655
17825480300834506103
05457966626717807816
07005855277145934876
10122054361863236915
08761481915359947935
00167696809687925885
11684807240503340880
06820488347021458324
15629737467384947455
18054797194011726558
16227655781081929445
00367493941660176098
18240988842470994350
13497569041938517269
12915483980598505581
12853783546438484740
15233829910704556474
04223485950563785271
02754680418103464748
12558644545166446765
10574337437735103155
02252346228969126696
06628885174716724269
18441671378686807066
06813871913295646772
01426118088035588591
08014294811371888009
11060020858767318103
07652127412768135770
14572483312344564139
03902642536555532711
15994181835622508911
11951499872247870433
12431410235011893634
12666911633592913358
06895400843934077796
08785254447227445160
01787708818395173201
08682330281522658886
11115738197278579917
00196228061535547968
10426914253117139920
08240499057140550163
00788564365765295357
02176425859061461677
09015712213319301632
07240434001393838793
01853365608821011490
15865639642386346758
14891994712743744052
14485239540400534335
04190540112156697901
15585478741169760826
06535679880732576720
10035250692257458559
11959040761894795754
07812040617809155425
04014888646468817417
16289389254427137454
17820163056348657820
01468994041694587189
07485354172863314503
11689722792946283809
09867828366720813721
04148426739545962581
02988633665162531947
15402278159464564711
06565552263534637711
08710151469530793700
04140865565179968203
12393246344962803881
07868454559424749289
02618214329931440871
11343707100272074127
16248393124124270313
07454900727665548664
05576874427322776741
12746849612503807219
10174912165118581161
12006672560799791203
01326020024109561487
06811332650555504625
01277047646776592973
04949601314310185830
04606699985697613487
04679817707974991384
05070262209687477245
13335405110211210365
06178499305035981990
12957602902540968868
08083775001797173178
05731506358118778229
01425018672126531064
10781704897140460731
10907627135922484418
15120666544190581694
02847231503623422270
16280402683887103534
11705808007295008924
00360337292204000373
09125810389790008226
06727480237784069024
13191179220594577019
02702156919112471233
07878120982562733279
10989865896588046955
08736357908878227709
01081517409081263417
14826875593652072448
04837000470208258387
17345775848366319151
18411885509335588668
17354907411529053988
10919963814496511704
04984739859331048723
02859477227789184159
05139439757351667277
10251085412174003249
12959861286365746066
02129574314292242855
03474585289155785136
16913145383169223545
08786459570278235946
14040247897021207265
16065405952711865248
06526540064338103206
02597779888313003273
09750536000554007765
17335136605578084428
14502710201826172163
01954494936071290436
09124534483079882457
15493856001237584109
04286143492512871536
10151295040763096203
13961318277987880328
12355269586663524178
01477898086189301296
00100730077319593606
13905577873307681267
16542240831532880058
10678391584759776526
16685937645216941900
02717131574747662934
09424368536290457710
09622840897897073956
06828397801755800171
02056330652892844847
10314364377988205475
07618746854104193130
12116299128771559265
13363895765443345521
15803836491264601729
03932028765104022946
18395202776446746266
10775309749437101751
02898142213122824248
13353877219103932386
10754407313390542153
06189565133032160705
09595794445661084083
17905633507908401033
01016419166157456590
00080807536331474205
01569527142302786392
15649873334388394366
17435231392752657792
18213161182013061145
10018148663055422646
13833633755479219140
10780516002179456085
17700507441300617766
17327103523970406413
00679673122201550306
13398874904835525864
18140312284743738726
09612882757320849064
05289501927687033366
11681249202488138307
14710339015400277900
18067701848709264656
07335079553876935718
00241478282730592955
14201127001599067624
08582945583117924701
08489394479500359185
08808953849034681839
11997555356247226713
10992103453875871092
10406635974356456498
03032741265461273092
17263208964502147655
09536533476015320078
12357477229619987320
12182885537400712890
00674852188009015813
17514725300487689468
13450849302113198440
17138920885601104971
12261048259057099906
01798377075663108194
11553966245694408558
06265195376890389110
08458251781320669391
08441198152960551485
18035916327531132666
11862182628206142838
03735120762332992240
03690411751868735403
16980876125702250846
08780323737778892797
17281164840278541723
02966443347224441470
07181752888741070342
10495049015127673057
10716731788548496419
07386699541876738598
10778006299509194704
07663131350157016430
16522266033757038519
03434164839736026358
04700578615613932909
03603028474664031602
16809124897963505665
01344203300939358389
08584465073058721047
12015773792851622278
18296871686092730660
02170083459980099137
16218890755493805385
01420609927831063249
17345903784842583220
13278210216744786127
05150358674641725904
10437397868302589787
14783380561518940343
15814168390851888339
12453696557434259574
09329936906700213768
01396627325991018682
13609931272491594392
02130167374120118862
16361873354664498789
02693314229800655910
02499486263697598646
17183167190862079571
16026659936182588125
05723433717600965378
11791285872646105040
01981972281079122842
04247333733194994361
11691464611962231268
05045543918600127760
17837930206334923606
12313716731105724719
11854120104595035393
15171825616970405162
01164346468233067320
06557993211204332840
10459343048997089351
15182840440112181664
00196144569858832101
13720477224867766813
06962644387787979934
01642338023529559356
04537893495350618721
14459162770679748955
04106966675432743586
09537861973624470168
05401323246326361618
09906894447796033271
16969222760537415055
10837804223416728217
12690472558168918719
10184704879957147747
08027680149088543033
15150477977553714293
14642134525640345805
03267342343224720829
03035139055675620854
00070991586941236421
18417106129857428453
01670725792284648468
11401809188500731850
09002322669300107024
13272612753305834464
15575347876067127338
14836394799292401588
04347355873209655019
11268895760705211509
07840926554742952019
02204379861352001954
15369148875642575447
01130568046606958601
