700
08905795596045983484
01113838725307165404
14485734301644274641
16522346173054677693
13017097153284480631
10058365267227400923
06584573880364636668
08974140890606950302
12989572572871658712
05877791911791229122
07701097331390042338
03659287884883568260
09878870889712354535
02679031323763106355
08160748647223727372
04318479810526647513
05475987400253003107
12377811628325592870
00856544204675964159
06033448927494987459
15001532361323987119
09343804446507423287
15795024933135875752
15357321510813440928
13411874723642075507
13493576965945290333
17510479006555633085
09629391778691313334
11550255815439637216
01009043140600874737
03858035531634329607
08465496366402762448
18204344122805892065
13552115028722719482
07779381099739897569
12748606679866890680
06231027100595319212
00807260600077130662
14671714624316510723
03403314601024773821
08793916823452758236
17123056104652187364
05699334536056295384
01645574910706902451
04555380671808240181
07981625481446856155
06831423116755684520
16174068784865723358
15214357202086773373
04558113586359335691
04134279951485426205
18161772954662739094
07734659030280479618
13248656118383469336
10335860222646910513
12482738451457604518
16786784921500487214
12494560998187984706
05094621488614018460
03274358196435302336
08350419531735462876
07343121604708821045
15565193178479284634
07747074728967695154
08554057316487591518
11668482077699307230
10501332449160902153
13200143233740346220
12418975576851412248
03411588122840798904
15237630719015939439
10228119250446506932
10697626708403876409
17603776593385063376
02113957188618265986
05635396065094431610
00408062223183380157
02582342573382043802
12981810497660059833
16959780342027588522
06853333519481838841
05120009348968341088
16439280262838721466
03780636730672111214
00771448808271595012
10916353326761624259
16822185072139440717
09044238261355982083
04057538062200704868
12310100220514583680
01936506386800195424
17799130746172708120
14864125068132156831
00598551602900028019
01590026017827784049
16480863394305531624
03029396998226772346
15566565621376988429
06635059752014963443
10698330546590654169
01535026030556060327
02403689989158932083
00864458895659276023
02717688994471704962
07149612606945328631
06425426647769726815
04037400803871136068
07522658592493048747
02517577376940653853
01236602649771723686
16810321785064499964
06233189492957484177
04638701644382381648
14577048868125024770
07703462861933760589
16960355749110036237
09409539349759579951
07360661449968397782
06240503648765150445
18026427160056087790
00204386601880235077
04714030818809848813
15819604763291763271
09990832860679952949
05378781831031514729
05922350663317117721
09013902152873148663
02226185564632296942
14119505181345893895
15445209948732835274
10831649257849024560
11232449944072898437
18142312829094511443
07587852118779603860
14994520333329382880
09220369754142163227
10973748276903858615
12635576503282537962
16639722743694969889
04625988348629022785
02387017703229085429
02317874961092043469
02205796205613204413
05784906838091295514
12219896583689576095
15103874350205848859
06205403905731722430
05469626762653588646
07490171668273471955
00171474906154405883
03020866123327267732
02638412942670193874
07204303227462798812
01601266697809283504
12012365077927327880
05923183542123001984
06342885989661637150
14864140864521507893
11540273953585502979
11402598602449790848
11980419162115221762
05005441032957340648
13707301941310571192
08297097920638227563
10775136782171411720
16486929244676021511
10069702557521293860
16294908271612734096
06577414286426989306
02900389238652045785
07083757937628291204
00806656788362417603
03518861886409919217
07131127032683509952
10245169947432272343
16924648612385865559
09814341492978238891
15553387494522876542
12562585838151155648
08081093032434371446
12709117108488688853
14063417016158398830
00567092088133462199
03701612016344161988
09523533036957999161
03944206889831657793
03863914280997995611
18408405256101604969
09989761351349476822
15727738643656279281
06369746992205300872
02011392662473784570
05397367512884047777
13834338620157518543
18438038216145633827
03281185313971598870
16223107015477100414
10164089776432303630
07444567133698104065
15077148959156996905
05230201692885166208
16832371675894283695
04777108782587361017
08532124523609676619
12745926243603661393
11520863812401995953
05802259176937069314
03524952447483825350
13690347669420429029
01556733763579678096
16431918381471153015
06726000642159412747
14272310623219640815
17243001913849859465
12616485400990636272
13629279889337484948
11408160039870796426
01599140601712962485
08891198923160185773
05965098589705250934
00545627418603057599
08930702495702184995
08771867328921631829
17804611649410136491
06350455903511954067
00726298750464800472
02247342795934474338
04978363779771760163
16890509647493185198
15318487082558115593
17879825085546818962
01793666014888291922
07023833858563370299
13012912926218469032
16757538556729796283
17426713578522850355
11944029478971655990
05492427460642217661
00975790113033747949
01342236112578322142
01215275149305703710
08051748203938578991
12149685759051500047
15078009043304526757
12895839199099781593
00744577949418518874
15799034648105272751
10717834610041937056
14520232563616893638
12199807817517318754
07116669586440555794
18422889815407520341
10381096548143743106
06007692144460372309
11366400057969469705
03090395205263199602
08211773804680212363
16901596526120240124
10244665180484798454
07406353920127951090
16378295715534367396
00710931949117359464
14515660776996652807
03538203848909036114
08923611302832097693
00070560678698428891
08156469834499370800
05296837082123171286
00117982032392961496
09284068757714199073
01850916598952108086
03748955276268619576
17560706488325403725
09099061925408398602
16889754975984878142
17173641123021976012
16211752755576858431
00586235594972078821
15166792786015651741
13846818859098730666
04444478472772846522
04668286867049256179
15102270364870102647
11680017412649911727
06719431002083976545
14815179017365651995
17718988094217292015
17800556139766686273
15647880110014625337
11644022104089519138
10150551883732012458
17764289904598355631
15017775763409860027
14661428991032485306
12192272781870115429
10529979170940771521
08016900489626964289
06161527694145149638
07324387706028781955
00550595173654594101
05061624341751856846
13850857183509577716
08816561816567918783
11053632329937564941
17149940391257801900
09151262694418848670
08862744873542188245
05214559843135722204
08121835039991802013
05803023932769049322
10411707760818250601
12464802392897820133
12959834285258114090
14598167711708815091
17097522630489587346
05260043103077641970
00933279027042195351
04650405963485919844
06649868892908456280
00364475914167917361
14143768287551611929
07126060969600811364
04273224701709680688
12724386326320474521
05104191886898591682
04031473964039220886
02434528800037759986
15854996955297117526
13331389324366184073
18305987223597455860
00172472954037306553
13929990005611733625
04640636754082731953
14146600086512618570
17339012448059366635
05794433899435343889
05542283048108428789
00513065081462972523
12405872612798088068
14165396856999367292
12283167949126736033
11639676319130108703
13297426310878833199
04594255779722417279
11294612824874813431
08880338985578690866
13138208071394721814
01438297798761310826
17480271158586815865
02829692496590508499
16367778652610598684
03322628673667582808
18408207427427790106
11724908070379421598
16710671683152854587
05648115110449005002
15817879671844241945
00468944466174243376
05755278676235917059
13851039517809711540
03371145845665315107
15496940001349985946
17450540767917011079
09835517152524174776
10518912260671253078
06297695390812581520
10932954919096064872
05697203070412138410
03116766320512568171
06486576334572313831
04974692585881523393
01985845849209770556
06693450190081285825
01289375615953744519
16780160107162118984
14055276962748926453
13341452750872720303
11824794259242568515
08523492635621063123
00367982954020012316
05642456053335498142
18131902021129403343
08012070504348431352
03849486607364448350
02766077085466641216
17092269297161182997
07487733089702330563
01268395594526248000
18082931463220898618
08046080855588277081
16398724389022411950
03157100272320513051
00845711790226740590
17592184396547542890
17422649230835671508
03634242712986304608
15966824435192912628
04441484415277708381
17389116098980022317
08617810507044713072
12508626985336786732
02802037913242395375
17120640435238840221
01692943814578764105
16823845098402960770
10495922330845194403
09650108842111402697
13140328691181108066
02994438491159004972
15026728203613826714
02708303240876708945
01940286378979715196
10719833947421272200
05632854484040662381
00505179327995186641
05962818215041588965
15538759787075206073
03845541971219106591
18004546586013391777
08867296722232610856
17465744581050787843
01302802220003232130
17743884778146466113
12806568053403185379
13544910809792967070
13450591258884234210
07748510638664105500
07366083204169479025
12583323273501864798
09967524781289691016
06225778080672257163
11432480340937119170
00049831266085703334
06457475271151580351
16810293616838672137
13836443408964444191
08719666330481158632
04528703991395373215
02757064171093036849
12359052977610875720
07008035884033246316
16889820084249425353
11752381385237619122
18305734097857701411
02966261596255880396
16479498398147246787
16385041532443466027
14897201766483591014
14917040707608872293
10716687863529584245
11909239689820831953
01767090576455221290
03308988365920925083
09330160643414552192
13122182996315522462
06686659036548912253
15916832889664808105
13752593335360988919
12559034482502712009
06796545938616501572
18108682704673065825
05753213687047382104
02343951197047480763
04302072844916200858
06514083559708751471
12502528117009742209
16601180870565786596
14216245670260602245
14738220444741493302
16359336193044966427
10649086921152208206
17547454286951491567
09898518150424848726
12052000981109253889
17390958628599621775
12015206725664339441
16366454972120737639
17960635122275436288
06692302492270486393
04961497843537495919
03633605635537884385
17317292004736467039
02147018701963374637
08171234024363723860
09396999639791656411
07668401847865346543
09793130795827513835
14129280605371099726
03827971984630781001
10040831269446865887
10677892716168932940
07288493594397002105
10962737157254781484
15285977411996045998
05562432166261513308
04500665718374648454
13334540545307914817
04812213174237902963
03847812674843556230
15046333879198408211
07016170793283999669
14313453273622174040
09154255532149505283
05261011704110792807
13245108676703172108
13491004654429993530
04267324800892295847
14931776626651354599
05471937654901428115
08085538863350324429
08472124810180312951
02444753952724111199
00858109360095688156
01018210821137361426
15250509099279724384
13445798082788096918
01669240080406950503
04627230808703769579
11010836515888349907
13474263018660880484
09355335372383085416
07103642944253628326
04405314718907645139
02328617253603469223
16189804002380142763
00555931388698076601
07564390913374725528
13315053409676706445
10937039624333150607
13105115647130121266
10997940552858652631
08914803651523410321
11564049921567486363
01330036736379596243
12940381714603366426
03755220802815191712
16658469736502190528
18266742482495350948
09898303818722481624
10613332724599770747
00545335569880564659
04847200854225262048
14543281334841974359
17298889127366182597
05255257040305441022
17075398332005079240
15145462994201631474
05066326888797116092
05641649797797899307
03583214909841710815
00405263262998125174
09220432947530779459
14244694892857928964
12742181652354476747
17189895928140353870
10616941856125953636
08006641136613399364
17355756975201656910
09963114955315085131
01502394597489605009
15221954616986083834
16365460737683727387
12123047511058155187
01936263319034236722
11609291008311393722
08056618145456338850
02685277005862387020
05594998790049425999
06380587512004242849
09586357440883881489
01354051159882228957
05422100121835300829
06200751206887348026
03626003232141672583
04644352339303276280
15392107198208990567
02762223554943360213
08151107438092598886
14959786483326430290
03413352824326548656
16660575132991318020
09897564640049161824
08325492498818763085
02128480321011436918
01533701720349443292
07749088071453209241
14992215136490317241
07837053893806526896
04008337589580766816
15513280708613380825
17754155559115774476
09977965057934767747
11253912884503520101
04280257967358257196
04714472723711863757
12889857608399122881
12274509434404288758
17340407482308733990
02834241088232895957
07753892325219067077
05267269581870912555
18235268802553206640
14135259188920419167
00131445264837075616
11367588973060757524
04494792581387094711
00139987173360586845
01124931926207851736
03457235294693220147
02150078843666513366
09359374166021926405
01161732637139044791
07315188682789041608
08922164425307844439
08840799281442851632
01077647121896488157
01142017724472891211
05432950981103667232
03490260408005943228
12191983707113163839
16659291270097045718
15260230589414430473
09759171236778502121
10272073798774182576
04015256113020952390
14155009078368593114
07511884865600136586
03709473768138378885
11084941986807882684
10764565329478516650
18435839682596803149
17526629433420538062
06975699718488038067
10573446864330579537
09049126642607875327
05906292328891629789
15120236068903001675
07414369305245916380
17137570964286307061
05135371700233356768
16041159081040683629
07781468479531329107
13970951319732688460
16252597648601070371
14317665904497116570
08090750351437736260
03906138049761314162
12806031552014503852
09623528116302923046
07708461515118957232
02851673172272061696
07929683631507674949
16116659502093060144
15123228870984231879
06572325107498661997
06216931240932296713
10446709343545254731
07603639102410995159
03420941847479895445
00511817873829787930
12582098990336005490
05235741976036969789
13602476423897370454
14276439305752421938
01003993126001543190
04439008058611443842
15299284449413074050
08228144305013178717
08378614797425217762
07349147847097863448
14260902482642744813
16218774492690257035
05689155829369822773
08079051857690045502
05787593490743847360
04095766088948811388
16664575437578189470
10365392006382317616
08397315874368267656
13936599125791488745
10142036985991481104
02954668757921706297
03274812308166803036
09202960689774257133
17617831262918560266
13767385195390744646
08293560374131501892
10470577375779337301
09403039528187719111
08233258453699420845
17488718558542783802
15025361391410521686
16100984000115957344
02327769922011124576
11729968956341222208
10324312243299675193
18034051347662705834
11024580324049702935
04160702800848106962
15680682631334722192
