120
01467449448866782044
09045969854986516794
07639973468186040107
17500410147301809603
05991484396815180450
09169932544040584709
07213792240849880977
10812183596144659987
00313044162305494699
12470998798729308647
15862127041305055944
00665453996141259252
04901247548213649294
03274520417622132907
15690816869025856912
12500522716369442844
16210089429978641911
07669281627981268084
13043073295491061479
07533576233131542466
04850588937810324637
13109547960251216928
09580198048740801651
07018040842980993254
06311289861507927642
11547413518895499992
11358674521163786526
16333163380124387417
13686627616672583895
00159398276845188644
10215124326274156478
08112855046471737734
14928587872221650810
18115689377232026048
12099125265294240796
17850878481621368832
14634961013636175205
01237567650142040035
13616533136302160735
06099954599265964195
14024735226988226740
01873809348526657971
03148446898794331680
13544665653867656127
16119019054454555771
00076852214596469173
02048910629808938678
18093168153581756805
07650692422434672788
11721139926939600477
06949839216164977862
12926462801852010295
05538665679632911175
15765631755651425100
16512708167200074214
04144182954396618061
10973134869181783703
13201163422933577393
08575551107735861602
05422456004828241211
17738512865206730669
15340757707540887327
11713024797911595249
00568529473824106453
14485926154224516753
00581706353907493830
00345666725638684968
07224568590026279072
03323368022874107041
00470230193964861964
02978211579354100801
10956077990956624854
00890144136110197301
00401924090685822637
17241001810859426124
14717810390123662716
09091390094290876088
10366511921778086799
12462081104211627403
08098677376450241663
08190558772741718325
08212897437610116709
08430893687582172235
00078517580987057289
10437085775406855526
05008552802521716228
00099257157689618007
15223569256879041987
07595538502990272279
06491709153243578643
06427005502518660157
01375310840194493854
03790653102962067997
09023871554812506152
00973875596657190708
07325894215569688260
15031169360019753609
00391468384884080912
11899599984065010252
04233543637228515989
01067940554115412294
02860895011335126469
05141075894524006305
05155777369360581830
11779109792690533450
00861385918802231391
03683123715807500840
07198113518142695214
15678910552887078851
06751973566956468158
02377699010598601610
14592979307694598381
02404352453827043785
15706045385671999573
12480445028616589355
03940345310146076818
04166316931011842773
13574753320712972041
09647861615508355025
11533019249531981650
