800
01020809269652505986
02373140437365837213
16162031537286329481
07627065141715101029
10759381617869128331
10287386425304716949
07637037356816701591
17835298803968632589
14847822423802290295
12953712982819727655
07593462497670678459
10454003358980798502
09621893868568321652
00479040585439403025
15015860372656788318
10081085785587173387
04050568160854599425
02409184364608471320
06033096161270072260
13678019261461266733
06850253239700962261
01152821873869647068
06269242059464862031
03405319271232768266
11627155557470428231
08515076723443131329
05131681762089670980
03159212649778742623
15414051817567907830
05519172130934081067
14609269841253218535
14369519061642031537
11074812573539011567
11650861697403528374
03543929432678986959
16733673043689301206
08103038067345001736
10818271137251336926
06792147713771201038
01047302132951565263
15957946623062044956
12245953970295374163
13923845455103269969
12114174885862431731
05523032254853658086
17316449171408325022
03204095323904652669
00603818930132722801
03602286106806119220
18371665265172455530
12389110047740233022
09774299804288726708
12495437921700515988
00675530975397067492
13286643885429541298
06014070152492371167
07872108314735632760
11325714640797880440
05199885835086463242
08719477728869479764
02783257440974293226
05329189850817553710
06088306800727949268
17769612542762183727
00905384431812288913
13215298615881373649
12363696359888558662
06870625426077522646
12121910999316340892
04993273879178586501
16517329577397883246
01807827994273455090
10291174506662515453
16651337564722138159
14908854279251339662
06317021632738154958
16293525729834294116
13554259486314601156
04966564301795819518
02040530244602351604
11306737263790552552
15949178937943174727
13712824492085713015
11106472127277094043
01502868012436086875
18067467679896692126
15441686920511459247
11187530953171495799
15732559613349973431
10683058918891930282
07457371092377233117
17759695540528575716
06493226617412810469
17805340648457219944
03789995249820792352
11569377193761503262
00096203316712681264
05447891369452941052
01966453597027469654
13534350760953393732
02975431454498931250
10540030098733726603
13160675214667267831
02041900134121741091
09399682795954014294
05526790802149171836
13342376799900484036
11414610248961346779
16970089311163929502
18106714703099239773
05823039085457449655
15402400571616440421
03508307099267230789
03551756031957720871
13646132524356532941
13465510130599423150
02091865755951533932
15534877761427819751
17505930626339379172
05063736746567864873
10071152634529958934
15094409658768012367
18109119115672764354
11990153561045285155
06996921856195519445
12394014133109044688
04325294383975239116
10634055342371067870
05616005302777933429
00977989133157199762
01706274204716627459
06817614200082473956
16599423053542986095
05679316480341502805
17612173645141692767
07898201639536012910
11190720201636384598
07497769029148986807
06718354612328760559
03160588781849998955
13327144943162463357
15094265155297437554
07850980146153795280
03422454685505239445
05349409438908052027
15998878532981614009
07088364574645036292
12504218739597202163
10110773461506917235
13438484469320021206
14718194103017281170
08967116692255373520
07015786715742745839
17925967136392221119
17169784043404825077
11242773303219689439
14673568903022210362
06033236185590613467
17564844318737061894
09857665393198439354
01039721970236603119
05928368270348188472
10038413006887893646
16227523416867807466
15854566411357203467
04417627720112618576
03339056497877122053
00858923438725445724
13169976910973778233
12420529979538995423
18075555267461557150
01638090884066709885
07005213918570311802
17423121926912688511
00744598975117949888
18182929713633236053
00999249634999074150
11913057073426868877
08090773376898010691
08362141664677892537
07149773840227586022
12465802164750208955
11724394577423425692
18281841245450556407
16729773500627111539
14974867632924954007
05744092417477891477
17758761594790056407
05470368355251687952
17050360129621179486
01570483165592899539
14309432480592121139
04445953297663804247
14195208089032075369
05580594383035378144
12656726437819449778
02044266744054097632
10162561646421142920
08198901568469461720
05917589890993005357
14390293673281779345
08821117611747342431
08678852775331271316
18143694232859278336
17977478693982852600
01941990923100359662
16906598345664456008
17433251996775619739
03510767511034229785
07255407752636955787
12742823021853903408
09771135107510511966
08371356954390631848
08045867324284232455
18279304748752266959
06901793718248591696
08476017268069158814
14208383063395691872
02586743858342479369
15465245154210111358
10969607582692745629
13349849749036499978
12467252357152701649
12949731640869523001
02373267949716514496
15291367734944649618
12402037445097983693
14205669779760575524
14128810506729461892
09561396652768768422
07896831770300667457
09823113632125182276
14548288016305390492
13678541341454326283
11551882960073768356
05958071717636783881
11221013336582605744
09223622185598376854
15525120272002941337
16348826636866080191
01023330674399422965
07544713457895242459
09778465457479880896
18338236190413236753
06150589727139941898
11776444600641037606
18071617778583282279
14724855740839306586
05442127923586449752
00892868320504886086
09989941849981524049
04086568195101615655
16098867198280366798
09027484423029865634
06151992633535357442
10249213419476898678
05653120892866914101
05369585541025953035
02061470485499640488
03621532973808611680
06340614590649523288
09974089864871946011
14123601016387082519
07500313484697145465
10225906976421056109
00183234822181078495
05755064225087879806
09211776075811644245
00868412122082284394
05238418270703266639
03460863201470289195
03783619053460347071
03938075954802389429
00080004920542717849
10657931520287466058
17130149152441763153
12388798571947916629
02123121156214799578
03956523649360981972
04300313052531064195
09907511071532055605
13210958434244415804
02402148927409917355
16365895622470827435
07277737598794549630
06296272745432403688
14501691902171884544
15832210615437272041
14879153299969978045
16407481575305523307
12707364543414201051
01593263620333870809
05745818511771984313
00618117598663129870
13759730528025134968
12908113145234405557
17139624648482456146
03211408700011104079
15893203866238270040
03638318618958838373
06842095040648914106
07198079177832724111
14833934955426042778
01786665552389555564
08265758918982268526
14467916187797134960
06175391060819790231
00002852156339635116
13817783308794692545
15096072105106837067
04764642319351167705
02142248715392685708
12386894858935574086
17117575822287893750
08887487617014290118
03223040686940288477
02341836028822112739
05143482730626846732
11474472909012311776
04231455563076492947
17421905712396534841
04750235899262442631
03584838662874061729
06843498539173237863
13529381207710534063
01139833786674808879
06324922562645667947
08913476035759952506
07043786696944873627
12482926104890723312
02456893489084753939
09221493504818621369
02713484825865984901
12518460819475442106
01671944943425996506
07506193610488683154
15064918394934805562
08869621239139888673
08633086800385004569
16230923072180412499
01831565903512823167
07968634897660988582
05218437058904623795
06110576607038105343
08882435823428792636
06120064856266721489
16436280756198229302
11927557898534116456
09915884032125723248
17497854564794892385
10180947444902269043
05849791788788631596
14648816871461843312
15947096233581380280
09053076855217370695
12812079230310383759
11901059685680325531
05561440123648170482
09713664960341877982
11031210523696828682
06352292179586929915
07491151132124827288
05449597527597030079
02123768624542169185
11472974091323686032
01775641820740582807
15254703065265586147
12030885426441104217
16278598641546451527
01483741373716183525
02995814019579392542
00121335529548316651
09956809923499997159
03612438807498752936
01439598713537105325
12334168575355012133
08352598119785177773
11997971357177135232
00415217283903274167
13849483832553613145
11721145435505651385
10011684690665832539
16971679861225524925
12517570046965541264
04045700708678034991
07338666408797641603
08957821388534207434
14477325297431376687
02824927280084887576
09003094739699844071
08527868750128982688
01027230563704335007
05736473687790273780
02195612476934151998
08715243647002444276
17019882599986974441
18104988140048233616
16257802866139328306
13205645871847453636
12356014634751238307
15499249765017024600
05020800030826343197
00636170935339481285
01169768085769364845
14025117590554917169
03522970166048041199
09273732779118023306
14121765366505611726
03789058110772895955
05806860381899567050
09065831431684013136
15696654187937601097
09050712695213900151
14807409589458527243
16905294377411258465
11018766343889709588
08602517257763211735
14480971538232426039
05302594132816215317
13513809839101325329
11106024162360525855
00993751622916471509
14980793716143109763
05729067656217168348
02574130340607580515
15721265964787149278
01465607308363909370
08559154175304635792
08826217980428075543
14274131175608166376
15119248140186983836
13652194244740023643
04863868946650437974
06357392369257646901
05112504024910259187
12825214555203777868
10233094182553540132
00178132380311709465
03176647527783276247
15623880060541616843
04316878984672080048
13220579170132849536
03847359584272746944
16575531426618883314
06488348660139019109
13155704636034479030
10358119580395558885
10913536325081762800
18044485565319965963
07441271347238448925
11979730487443152287
09666535723662329594
00933657443529214624
00273094265614302720
06450627588597989361
12482334126068226059
12199949274315658837
08547197101424737854
02745868117495283482
15769584662357116635
10037688198029675673
03163427792027035002
13079083642501312240
15161597643305256536
15117957084622386871
17302411128730387720
05158199122531208646
09298147109505722857
02879345699260524956
04672311591109100923
07939906931503632599
18152944597146307689
07741443464836279998
11590567470285314470
12470210854719956087
01638145968356908434
10935154055786328700
08727172300974096373
06064962570892604407
13641596999664302753
08458203937506949776
07896016931897169582
07591944066294096199
06607196605918624786
08059327063197716326
10679387041290782680
18218358063534691593
03495695326964280837
05048396156046357401
15816657266048798793
04132238270067713256
06639395202034781929
05214898037888900230
14967392215822700913
14725356002642188967
16264539378034889227
01056238856780347325
08244300314036292783
12702554094303753831
08411470648589030142
13489889294599736975
01396703583468729182
04251899857373685198
09630056785671616617
16639571544874498845
06632659388159830491
12825089443734942198
09728112542316400420
08690536188462870399
00750120991525401168
03211085001638966269
07187954213395146795
13698511074771029609
07026432627552393794
07970533735009813861
17808138249496065967
04719946448957333178
14864594284919276849
05857849305828061178
14336260512618403667
11751136224235596197
15401798013483886036
05807649428051498619
13862289135496785876
15100835975990967651
09074925591486668140
12378611595410246833
00226016212195213186
05282036331215945380
16924103271363689960
15666142404277423737
09614702651071080393
06855476046201623513
02066289813329558176
09244768773254291045
14323153385992676121
11271148873336906445
06198439208727852735
05508812537649972960
11206101408284431927
10018101775835504629
06845543604254580093
16307560556407101119
00498262583680506245
07988682508372166916
07841153923116637355
17765827289077952044
07561043643066857766
18280149405348268721
08244615396450874131
02992805957905818471
16835506739625144359
16387802429169820175
04037312890854033762
06811712207412081386
17787267265178229904
03767042861749468536
11365882660936911971
06324566118387134806
17811722407294173647
01350294059278944728
12991612810483513269
01301873927002117320
02894993742333446950
15535097847924632703
07725039062457010040
10882940179642605936
01847919349979129048
09937317694317783411
04810275159666195370
03216612297505464186
15182921205675717906
14213091518990156193
11601953634794412904
04378386990016483275
05054320617741266819
08729390659511928062
05524421123525312558
04723325270537961321
06756371057237092881
03303147221163354853
08466854621145750673
05246861497138033191
15363323569842257992
06283131021054543248
05449882222783881943
05582808093731164258
04868680749661387353
14187100400239392085
03371431473024226671
14539252798723416710
10609991656984764528
16113857889379069235
01168295286355824727
06393713534213153245
05755299733811534933
06000404978759056857
06853694799731789476
12889142010509918629
10132444327506151385
13690692111955394448
14579379009692430226
15554792197959207171
01253281904019988948
01268031382604996299
17197513679904965286
05285857831249346839
16114474081412023761
17258151193893873671
15905416842474108865
05071491485535627448
08300764229005746028
05836874272911671834
09836977258170947823
05899592670539021441
02244661226231557514
05280012084869757970
11808783416094337045
17117630024441711055
04643411996551690251
08532739080146787197
16436119950015507006
06945278435393899456
02021656754835510712
11774742754431648557
04832378497443771027
00804594591621728861
09179613026225488538
00968320704607764828
11806280214080116319
01335516200025917363
06162622051156099655
00994083258173959893
03031564066998763290
03742969128374357043
15110401160432492052
11852236884672958675
17181489418745857238
12320499372646814017
13949577744671458781
10209448621187582252
15617724581534052280
17905204804162442680
02316255343406418252
00963066539109591754
05347738885506475934
02504850529682159244
17852969441456480855
05491432220861201690
03326981971678211720
14735066925196429411
06097043263285989099
15453247190005188147
01047895055818284423
08533719559834222516
10385811095192071155
03787038876685023657
08788441989462893963
09760891820263492684
14250437252016137919
04740741890904473328
03101337711089784522
07849170938834008005
16435325075327177759
05264782493273395858
00262755558806249468
17840287027141708249
05746976981749504609
03965934799268298006
00520691443724600415
05983859962790825051
16351134389241725523
15412268995405698798
08668654241790325787
02467371197221459266
16913912640431166055
16667094068184670916
12650227751867895156
15885933910294369377
17482662216645493719
13934351569768662238
03199271151713774679
12379652651775088271
05715454007327528184
04135847249950291186
11887724896627507966
06240789234801990961
18125567199152589234
14537116816014921710
12322718190422196397
13651137796607797678
10028599641779854008
03018751891479268869
15126085805701792941
13225888387520604566
13879390341107872963
06334792193992384337
17200351797467227965
03138271034948423077
12193928464076245398
03723013205178477724
11322169363463550420
02000800355304787389
17165194943135579183
13651946198854121100
12316944264243750317
14850682195822114337
11953249356854989020
15856913915606339285
06383563220145021551
07154801855231363358
13598158892351807140
17132939320827726816
05497417401472766276
06247477091404354619
00373630833376552247
14922396406197115665
08140824064431656966
07314316071711250842
08218277109288703582
16758161153839582785
04936816706293462955
00674769410724633585
17771349635903319672
13507973503551604987
03799137095679325899
04091820111376406831
01986398446804260809
12553681039613330400
17593385165162086807
09630172590781190985
01528943295386200712
18283179085521337978
18270097754167121008
02461712711974062667
17399245982253925148
13535301052670314171
08917828368954489355
02191555109591400453
14950824923222950377
11620461021871803467
06540470544433618708
05856672232868883555
11953187112308770180
03680108526743572660
08899370813150926391
13491739135594143270
04000041225189954631
15055378548844107875
04538241042316223755
07452170138194535178
04450565352272068475
01459491532366506038
07130671205455163085
13281360268664014811
01735540211017762724
01245789757647645688
14627638739441630204
14666132651765773739
14685509188466080560
06047529175519497623
09479176193707821115
11091865262402639476
11101396977900592299
17912468708388798288
03048647964399077495
04103895564671327217
02010760638018702577
13800964669485275215
09833724163949483605
01127536136572715032
03855354427975918461
13809851179942199769
08387227903209577220
06290897711693199795
13657276151685034635
11098152711844378021
04275622870860233738
07614827002036422095
12517767530610034872
16820904549629482067
08485886004695125686
02937600267957108979
14578549358070795974
02295395298898408541
05349143701314321149
13057936422115380107
04540975895013162276
14005494544477832703
11122475938108152552
08055672475319741918
06535745623223330536
16882399674269896790
16633026096864030446
01474935286313977215
17158516771450031959
03011160971847897344
04552345550788156269
16377972753685446184
10135592688626826994
