600
11919069272165655618
09720126801179557680
11964325634420399578
16965690251873272505
05559647065895002679
00309857526476902135
12353744377917841451
09891363707784607080
00769397239547354456
06876973516005411592
07238817196764090213
14273105152554528643
10251099485188071644
16565024611156135891
16908037542214404264
05419316219168963130
01414532572274751450
02247110476009741357
12934533231538960812
08610866388166930643
13065349250683547511
10806335911664827305
17041059739560751408
09938758850514130868
17946572044556717044
17775580055361426583
10314781505996712455
12090736579664943669
15053849457199902629
14349087172582337904
03590621358310240469
01147083518932726682
18087682819913466590
08201654885991025382
09945814658867702587
03195134927991320744
13382381611007382100
12594512070864772919
11704246540458344762
00040389858510484289
06706142228616562828
03238850048699987599
10677435238701588480
15691593764858162809
06932198769372527275
04901187060869982829
01304255698998701828
09189487273287383854
16021241766953872156
00725438714939602083
06178146212909738396
09999608880570315275
13385518466267190633
12262274495664360222
03347150052184409488
02437960411163491533
09087750136891036532
12316587386906580973
17673215389712337016
17755311173244380665
03645946075748446109
04612142326827746705
01482444339563051239
05603868001441954114
16633465126622048329
15653383322259489687
10071616186282579870
15428929494970166036
12220127025476737726
16253875261810735680
07382758744388181744
18189926265355615644
07715880379538919570
01526986758343657762
08937265848446331708
03516686809441537105
04085916274258971917
12090873927296489925
16460148034951886893
09776729228855931040
16064717895853204804
02790388957793666304
04538939924142189861
01084204249387155368
05447794648105251524
02114607533880474283
10298052135973332402
01289314554145050750
00441161820222017567
05533400782043425553
16879295179110627483
08089283851375132861
04968821667343096706
05772632765048491883
10811236370680071889
02843149969423533816
15757083472714103675
12214020240092096323
09957671729656290084
00596107292879456558
08483699319975046185
11713134265832156124
04020069185573195099
02571184184811110015
04626514769225393568
09592642793537680293
12855561003710453979
07218128777786416008
16925358359739373665
01136155019983172683
15033874660213955446
16968336073174133823
12690495488672946736
15121377000217949547
16652875597858745153
04742221394120949683
01038163045179469933
12899340151129089263
00411404291997806182
08676076824933262469
04988211457774525615
09812900256245584548
02560618671039617021
09835948122522404266
13349131705939175784
13569665600168818134
11339767296916564969
14455106955281371525
18017612504844426807
05838322504701531088
10403389124336940000
14921182523596556371
17692662367997731994
08077615760309466267
15822452800513721703
13389233780473118590
10304468367435539936
02587734080165058348
05242995636771080387
12067838537075519849
09547250248062142054
00748357633694988675
05431713496943464668
00761034130690687748
15814047878640771977
09440083564098716076
16408030433714778143
02530588538154960824
10621982934590482616
14205696514917375433
14674640208434063679
08710842527538524410
13407852562459446644
04554183098675852020
07959690580868914325
07107729633570213203
02376425526643579768
05477159330150791946
00940046589699256168
11555781720008471748
12320875316714948677
11070879838862809857
05270373619130005410
04845800708471604647
03368372379262154986
00674000466055124121
02752482853675124481
17608672563424452793
14023312110886852264
02098481379720004455
09750684107434621585
00105453489572295691
03805644762600339071
07956005605896318447
08001379451887940712
13702740711446723992
03939968535635829731
09133129279906715861
16180750685282559819
13361819019129939091
01671384723280198137
14474305229963145359
04144678524805047471
09904671214215030639
16529670372623711512
01710083175109843198
09509466302313910491
06235649154088789409
13369353756154979320
10972360078650975710
13361921455249186561
00058527913236632727
13517223575646145705
15464110192335998752
14237032883704702203
14981027504680881993
07688852057648019549
15442602068019320106
01579510336766260721
04753271421499810718
12565150375484220490
02359288055527337125
07734214562111847858
04870298421511705677
07156023795441881725
16819691038998186144
02030359373714683298
07857768192678577707
12885151133913357296
13557682548256996098
01907908889363379537
04958233228207348777
18393185208097513177
12276269022898078421
09793926182558324011
08459519502637725457
01794668400649472597
03855945024292066623
14026021797873759680
03697933499707805790
16904689012730786944
05617298367241977883
06937616356273815545
16006988982517695261
11122495172481377229
07871099450655082325
08183341396053850729
09465933259799601759
15267810029449470303
11414212642777776559
12753476099133380202
14021882386509674145
17639688391042344033
04944781753185431821
08091885885050974482
14134686496366716758
03042311659563928335
06751650525157372534
01928758102424089049
00212000380239118089
09379806539414506337
06218330201245682433
16848678875582623375
03043602329195333119
06770476253110233219
12980303227446473401
11938536505436961251
11441490111153286819
15011994248504213764
15931682589457465011
06787055356880338922
00611597801870694046
04671086664673018733
14938951350665543386
02626486668951028648
01511912528661592853
10974913041862601909
11064430328067784143
05837739406132567338
09200931713078818082
04441887410667081554
13985731953971641142
09206836489690041183
14634570422999326063
09645332839625917258
03839902465711239641
04823133038198584569
13300957372005005547
12972068599207163697
10568025123140986312
04499022730447145463
12351962497336520151
02120375555153833440
03616547645708338356
04499013525355723226
09569366735345302030
07868592741922535483
16223213949458790059
08849396237635468026
14854120885389467985
02757191840296303464
15227447785191154693
15992050723760297401
05201105613695336532
11315777012679532505
13412551348054064629
04719562820559614524
09416411924055898377
00935648514539964319
06883726769267243314
14903697562767285479
14527189995868749135
08047812493476635847
15760205373044193602
05671513777332980263
08406829331566622520
08313033934580228802
16773418496386743395
17308090321861808373
05299270829160123424
00276038653132473447
11080933281517750243
08143427957759609900
08128457951375984086
11817979816491317987
16101168004957599212
04184581038709253209
16194424088671724189
01389352604958221831
18155008867906944973
10826136453768159273
17853550397744335187
13310458021676100876
08156009538456303798
04941833022522535539
02457676627354537866
05978292696603671499
03654491698416688829
13178595294033579169
12056072964138283081
14164506180204443746
14769208404476312307
13234058186296859255
04785350072620918758
02084803190847588297
03876047368572428423
04068952551688110320
03317299473326672230
11787337033443306315
08565693145629982031
08738140996451043890
12013799571368453489
10066520849700213034
14241241590957383438
07774999019671935122
03825626865474779238
15698292117090799377
05194348786747694052
04779774332840603675
15961217924588379716
12780407155576263812
13280544490382463159
11337805069331153053
06378002399591577015
11045332313770233710
13761421410614254906
13637363222932962429
10334880319788526094
08215166031597767083
06122641259000556072
13400463917207157089
08812047841295993087
17365052889158486775
18234898249721462435
05837380500468949883
13617548885656167685
00855480405141268080
01684136533499003191
14154005793831058086
08999821591709904125
02368032583820263130
12863605069468784802
15258753613805791690
10054672948326561532
12937899207300415411
04013733053858037477
11882832755120708897
03972398356170819592
14396958244435746761
10708363616291517186
00492177501580907924
14038007013676996343
07778565905769578715
02740899124085070610
17762031032099556145
04016507816756811936
01495211848343361742
13618595051082167964
07664976439712376880
13438764520955465945
07863531740536329720
13682433358217966986
10519672168193823397
00575849245006438288
11357902050832331109
04047410486218667258
08730152965931280379
16115136182076869982
16286207106463023724
02657827196724992755
02220563083506670064
01455199579090303509
08506591325300975818
16997601744764008658
05276227303532952427
07343901912696327504
05014085858565415504
05503542401780077284
01008608478709459125
13929693116392845445
12600794145356035816
03358209500331325448
00671633563954521288
05972378069362296492
04415144544726836092
11732898027778456803
15963860061497687687
15581919350615903984
17711246868713979657
06255121867661162265
13977574031817560731
13615684231280526482
14654540437899610982
01058165268563026134
11067581116536302993
15817287556222497373
09720778878234537046
03460543189529313656
12911203501416716323
09671059283708144917
04520478464039301512
10444736398425686395
10036723383737531359
06013093696787382036
03538616531850349207
03060995161301486777
17675820347544186735
07880650571746608940
14039576958140348756
17025472480199570597
03544845623718544918
00916311959783208081
15373142418600562559
01144566643565074716
12031230000010524266
05586668491531474011
13621141767940154588
06192219155838671083
03188295817918521599
18070482548158865667
00952858044705337809
13787388167184463501
14716548651819118539
14474305052780223811
03549060862960789136
17587140122838766410
10195992322485063702
12365367207429892805
16782086325925429414
09643847211276640074
17167649836059797359
02066521849686602307
11379744685506004914
03282186328798293260
03868765951359498188
08517583974685486455
01452370674765287574
02720696625888196735
13112743231145221138
09711612333137283603
13169174602161565384
17796335121773914817
05767714060480924347
01826970116143724153
03269886311362787418
12772533695819111126
01451637440301167335
13554129370961576898
14677943522175868265
05988303753227471885
13713508967965239150
08693169343018190905
09470734775995746401
11164419365697687871
03550485040916791232
02086871848788446038
17563072394864817989
00534967520616862926
07125971689285921780
08229490055315814083
11107692737334033266
14604959571421661337
12312256764004669908
06214859887484232734
07520771353215717628
14049790051633216084
09738683352855287937
09407716440305371446
08316414994469352403
07801352766305954304
11827775002327745566
09642127457188563109
17470792201649756735
04526207857532548310
09177834668401965255
11930303049638324754
09826815412576985325
16366754486605678423
07388629311791109353
13646409202722616545
05342272085348778303
15564927361776943139
03311230925661845067
09859800748367302246
00445555999446991524
03453998820107526645
04046114185933205430
14170161040979343878
04290091637429319227
12014676498962118030
13595706360037518043
03150117635170978069
01054911400534249446
00999880023694550784
00673365181745261194
01985867551319671797
02388589671274113560
13310198791610283427
03159632276285546675
10661771768961686282
03374648704776569914
16172101377237660948
03053034754776204505
05551458552143197647
00459651570917952752
12161851048681210356
06087410369045532355
00351176845146580541
17067995839496017450
16984201131493827510
08874417295475871893
14265746129144025678
09513162900353102922
11578877052593241917
12205708326307620885
06496521002522309700
16143762753932097738
00959546129597937262
07018633347809244771
01435410145014197923
08362747161750861597
04700441948513038985
09396407665448658750
13247035221292141534
12809388243320145376
04444179511956772695
04594795303218637464
07442554759820605019
09677523008495441772
00548544831986460857
05376491798132732950
09627342978078673342
15514924929940643069
08599516248984526408
07986738649279319806
11213003114860958103
01380957617420696915
15339964657974199325
15489853383034412434
02341266076995005691
06461751965219254683
01215497670325863623
17324045098789066261
03848147988801365914
06809962595814664651
16391604243058138866
10283655038684852302
10518993919117448520
04018783019039557929
12095713538915090969
02303624935628113855
06616564597956312081
12114597486740748542
13021606736818381244
04751394536462823009
14442824076097773933
13480937839502517110
00049006211945869536
09570145656229127265
02197564087898787013
10912579541965307930
15026031212321524274
04021919924226327547
11186711447032285267
08721577122003429354
12968499277135620746
14169509283850201635
01165897370031685015
13180424311525456720
10415730364167507576
09510171122580973549
09019231575573003169
09839282759616016523
08373845575028957723
09785167334009140706
10959937444334492556
15124054043451442085
12615237760998114313
06741340182678747996
14553790892416972003
