2000
08483829676896378693
08126531818361745946
02883729093024223773
02943117559431693659
18019002129977916372
09284993246980916515
11081717701801291846
09297657636002773055
01892013664142855622
06083600382687286879
18174983929260259123
10845081743076684141
15379624469424163912
15515568977848800838
03487857819189102446
00660191647375688081
17630002200161301439
06852317510528467874
01437486363600424091
04348264098052622408
04696007759920781531
07521470152862623830
06042200304407332434
14904802243317100268
11633998660959161781
06766148817911612454
17662987514870383936
01104650105787180773
18311445465840007093
10379125672216216721
09436470782935599907
09114309554691402285
00511315533993026975
16998926486664721901
03233031760672532218
01081080972979905253
13644570516961651765
06851392788804523188
11101284110843593615
14050868941210475498
13870768003389018021
10051476606487649547
02452311801498588561
04993832159100805808
11706918594960966312
04827547342642954010
15065002950353867055
03877609405675853254
16918811530471794927
07420404737119275586
03950576232886250386
12420800145061312727
08273106351392359502
06829295014137678789
05665932487901265780
00484711130177093121
13205069268122079535
04424436203935256238
02825406359191021935
15883140419254845201
05155257008316430708
02888205452534558036
17809209113254933432
13391976648118807423
13080897714426796579
02179428740701457212
17247273320586394639
08279749333509137304
06604153805491489261
11263957208065036747
02584309184844169647
12554851158747927916
04170249041576738287
00201298005501768151
14974034214073096376
16318206037442168950
10337314682893702361
05837281786140240820
00451816773827018332
02489219498365235749
05835529601926515351
12316812268034702835
08086971487392714263
02488875463687565026
09579064495923136720
03668766742214608936
03697987193041826649
10226329250774471492
11082850323092115600
03676571282137286057
02156730995265932436
16029096411295217922
17816391735050260721
07232427175601008956
03315019229159944547
07589917193235001498
05766400106731410938
13678639106300783384
06175658002802361032
07899372288907065846
11236325572690838337
10702242703285732893
09868450965386767653
11993853702985045628
18236445277428654921
06272989315059056482
01602028974174747584
17694428455287738303
17225483626833949557
05250354458630805485
05880001125800342525
14906318372616134311
06468338506482635766
09222756630613475005
08908110177963352890
05553569302668563621
15815596785440765358
03601678433480714405
11749477288822166891
10381414259761068387
18232460001836781699
08160003433193958276
01655445180554782919
10845907774807058470
09628115989703985785
13847797253753663653
13399738910628595728
08286385620162415124
17722590583495859484
00037403780169281770
14122439290400325221
14353116693808314188
14114737701837723987
05837170536351217741
16229830704278366001
10974464357547703962
06555577818339420694
01346934406147418268
15158656613946088739
05798359361219223881
02549051907869238536
08573628669381481898
17321266649350473686
08467349582519963243
14446817056510057212
00931925351615974954
14904877707425885611
15511647471774420489
10365273216088428690
09527046039293180440
04930175166458685406
15962812827504884157
04689164991197000655
17170218024148837575
15328118163542202980
00444935615743876836
02873686345951996454
09875504377002108638
01788323286030335829
14661758374272987242
18050544824637567457
15366766693982176877
18205858551806964906
10663957734723764202
06749039163837848609
05871125505486672642
07657504808027684584
02542152206933427154
16475307349672971678
06958775589661643798
07960842338766810348
06657803648604172221
13206767855847369137
06092279921669867681
16356857871086078342
03211213709318687372
11298314420871130213
16395619553166018563
12130132576920433954
03735037687356566810
05100281871229468473
03362003481593680318
10641461888597437608
13812458984052442116
05044723513324858527
08066050491679159794
14302266733137742470
13562016897484414464
14075398284598473958
14159636005127541362
10475084287444443929
05743900042318923121
00283982011202144613
07253042282560839682
15645681824233852893
12224216132456812472
13502407862018083809
01271537053559874723
08749280136497504486
14753357203502460469
15751117219621117070
09762971619931580167
04072764993929707916
10554486977993651119
03563819458835134185
17587514101187546020
03775354267932743841
17769176127818448200
08332570734354146463
02695989200603680776
13507068709202510979
08066538487714576120
09112731409439471757
10826473898640731637
16191391303189829495
00661037236929298554
13116205435539532874
08816760111876517577
00900934864240889744
15140186583408690021
03635965663832211873
12231463318828011103
13029968485038906350
15708858650555082563
12726481449076044823
03281533546134422206
15289827819411938515
07141120036616362319
15123867588393086111
02475007552645785552
03384173276684893224
16777452655952865852
03640274090039133744
15648130292184317684
04780836115972524759
13120250900962309688
03917351612892431941
10808766795423025033
10449930696449959645
08444926647172391475
03074345500627635665
05251524904110338591
07813936316455757042
03712571415182122996
12838778724042511420
16028394448357951264
15017990508343769213
15153708737480324254
06954739800803375044
16370383615573238489
03211690866149709262
02216433011466526541
04105839747851811472
18139029119710521738
17995409426391596329
04211240545884011551
16984644136713760328
14644354988398160609
05705482705669690539
15605981511517217241
08718786948396756851
15285620781891752678
00537258545477147799
12916752570405767742
09237455174491104929
18197797273721405681
09948021009150785259
08083006915173424170
14304068321775712990
05004758428161515557
15460796624089868801
11976347597571823206
11196820641718161147
08017278201118500566
04612818827827224688
14774213645465576165
15469072012351028044
04148736311744514822
15550006247364186897
15648987229449307060
04281887588865952155
15068095594011457276
16032271380806694434
08994154829464605762
12115859946029845399
06187109504590761986
01599668590280495648
14490388245993337659
14184430309985853846
17208238176937650834
04026773622797876043
14286216002729869578
06274806025591150530
02408440796443823477
07572781030852572782
05490336472414556756
08358035962230628830
05541157713992980017
04870302813850934604
05837109175150451590
02807150014576189863
05280065355470145600
12373787208049281891
07575668502361191776
11113847869709521324
17894623786788453244
04880511996940466646
10211152243168328754
13174453107964583949
11606987866729264025
17271976095121887677
01747553060966547622
10145436149449646414
00608369473621177355
00708823380891712454
09442130449505691066
06065341828538741097
04358486813261386695
03861872290438211926
18052038227903731803
10256245235446390291
17270358877408583646
00413562620296584834
01774588875075798160
02702719899626804162
17782923522071521593
03745745104355434558
02642222697592976268
01454751830635143935
08685937677680963415
15556500866170386291
14823888038654932511
05153255872054152057
05187461528395327441
05935753707351836481
06713986987629636590
07847388222621514417
08793547628878603378
00169141994186440829
18193735480664991104
00612886893184204630
14998445284296765600
15737826922755502612
08377532353315880671
16500933053368437631
14771484721862213162
04317517096318221763
05140946258637546397
09070666924644310524
06768907979462682676
14324803680762228255
13760648980948700108
11069297710678019677
12630677750225222814
14724044950832189848
13912914141377718184
12324816859516564813
11733488401806274520
13441999902930865654
01113770847669082121
06313095528880723582
09243345713009600748
09738525923599960367
02082775621550426948
01760635355217211577
15151127438636016450
14100029381706164701
02712043555082844741
12850861609176650855
14849493339349987838
00696001462236150138
04211553372232726122
02418319290637677046
17365558216105951168
15494640292020883687
17416222107012546748
02473994948854217874
00817141690310678627
16817617103151988997
06805237422398340887
12407049251507524627
11055835172789967903
07413608123621548827
13788168803883271864
07328903472626573563
06976338920692863600
14596057443454183196
00520193887673629670
10646806930561793035
02705078653349631839
01877553576017594059
09780489425129218288
15284036932378306513
15282511400128684239
17820224596979636667
16973255573774192678
12765401996599514824
00492975107575827005
10006123298720297426
04245728917385642090
06268371093223814800
17350970528286307085
00873944641146193330
07149564017527625231
13708265866481469161
16625709405300907253
14713641462289882602
17770872441282252155
06457470464474923191
17353289127390255251
02252075501695215753
11267328326486114744
01396054858274878362
16140112638788667641
00843237226992932816
07572173988322115083
16022050533779931611
08232717453133436731
04795006392704428050
02675064497222757148
10307255385463731381
06279693457693169636
16528472750269032589
17271819894020468366
06031707376868917632
13136410141662447523
05187917062709752934
13163153591789194155
04734437644587284166
01609189478902906122
04769349935268381902
08116865853493159593
15165550818159517606
01193559023692668163
15586975934084187031
03062273176834768800
02553973284447110578
11523818656516153717
10152514563394111860
11561497405332735010
11007871856320813318
02011676521897485721
09796269089884489618
14867645664157684573
03740734392828072611
01314975084023471070
00531094043698039896
04093273414410912969
15083779087109473415
13553933129737569419
06251068503094724464
04763096086087107042
04726303517022727404
17026166571994978107
13576762657060075429
12836445854598231945
05807510789694683742
06934891639975150193
09456441603948773066
04755424108491769584
05983195742504373324
05732915483422824945
05389897480687382183
12152544357190880769
07004740757335991084
01104802846019397631
12846686828933579480
16989554373785798530
10363450699135012659
17446595080071862419
17384672650823059462
10275231324360754059
02557035934190431216
06716773636132088695
08360768247267303426
15301754475478365084
12745347115285723521
15551420552582931877
13529021204035824770
12527963284505169639
17415786766356058819
13171891061035510798
11649303971805517231
11520170614315565270
16756788235526573918
04950663620162040030
05373548044374065212
03170792096607613515
13524801682613993190
05008576434700946575
10329870837041097621
04345440026110733976
14055744621184103384
14002990535800163246
14792641963015598191
08468009850426329415
02876460157839449597
07004841546856195552
07312653831886367133
13197921052728056923
11642902320340683372
02939616364549006404
10645721342721196318
04519670971117666171
02807929586525849322
04448761214448069198
16007679985309955076
01381956823777574007
09959097126444143430
10038024068739930893
12478906400644311953
11828780885939590289
17866689570831719551
13781112971819278952
07535129098996284390
03105150984836886725
03660893382716197256
01513438567086668419
00840338040363466740
09002828742061519424
06967109094006996378
08235777061068414456
01884820639190051478
04543086219589201897
11422200699201004123
13376840048981855900
10126758631906038860
17616507147955491100
06414605231108854438
07529337440745644401
05188209631925403746
17185999584704942496
12015109173014110032
10791461338701448678
14858705761409138211
10632346252720741800
05154483769877161878
09420930894872853197
13152743276483506963
09716437142201489955
17432694343069992711
17576484702947270635
03437630401846857881
12250239783388466218
02031305112937247776
17778094762415686588
08788285618985822804
14221982360463068915
07242545255497862333
06714829822067007838
18274230973185568026
06460719372974726195
00511050139871726270
01699122508932833426
07479883425338857698
10912523955419866572
02797626206461406822
09697911220806764954
05764230281571357540
10427729704125375222
00094164088556796287
10899974155489365825
00855222502314840088
00057507555815230675
14934774143401157753
06612632850819685934
04620844951122402987
08822677579017980069
18014220349504222855
03693693712863458279
02974504987727429355
11826789268669524157
01006156392252224439
14020567923389697670
00477610720462844055
02099326116470683129
12265241089080226187
13674279333648916410
09122339353536641963
17258777849172460142
03318922153767351844
01793278878306067949
16418246675635442654
04318763579725375176
04314148711813601455
12998769653672762531
11006466856066322605
07496281857982942201
17473091131568021749
06556998860448978695
10475596488285045667
13134901789405589248
14761118409232697782
10655394941733132862
01434937679616375888
11902140258778185732
17247813761574222284
09282264281169547422
11555193955207686087
00645615263059546112
14662078485615115683
05318839942300107970
08359588050506111116
07159317345289598500
12417048301268706411
15223770180804983632
16366891220060260337
09219429668128797375
11804871399141187865
11146392979588412402
03923705176989324084
17065606620382521361
09489499980154143337
09798089453936332101
01904087106791876538
04871486817050851112
10022955685479558391
15718741327870531550
05393862518138999751
01621895153700691111
03293025024335668514
02390920285849401511
04882248628991334909
04253096681366650208
18424386616989751013
06568431484223633032
15511799691856423623
17296575062921726746
02732725941057992423
14673380401827212869
17544992716186280086
03301242204798367664
09999387104938100500
01616815406181962447
13772455484834941258
14406584017533514940
14673580917211928753
00326694491745226677
00934418483094520418
06335583210173472652
01594634989121747766
03730989364440974875
00704554013225888211
09605610395721532105
02437650076061384309
12694985385563023166
11977046115326433832
14498258713809485924
14145391970413900793
16660952638714021514
11507096176290802647
08805941277813304791
01469318467542132707
15391577762221144982
14928808379757202587
09017115460011206017
02730079387445457430
12961507551786356425
15313347537053872312
01291022780667834347
01684016718842361648
12446932135149613824
10354380811912892155
15534255526632348951
06205876728941097910
00343845863295861114
02600756319343667633
13171513212841404430
11108124067073943458
00431654610024709810
12084198994065009876
09400704735559415318
03841299016550544568
05991690947629265122
11481002759564135954
17843653888642297572
04149212274416352318
13070993875062726625
03665615884680988039
16047206264917222309
11121626405111198623
07335052099074671300
16658799993333064223
11824912672309580920
00389863489193985920
05955627929608586448
04330149590408719163
07238460904018743704
03100820690152208963
12693425510634275796
15106689377775278512
09810754726052189410
01008231453346329519
16961833160474635118
16359323192673499948
11625259496802167790
00928484582598287714
03121038253405390518
04396549973301590920
00742761637863683005
04485164687737658374
05202349145523307799
05128385972229684710
06870190373441918341
17158409793592058621
01325231845395900002
00993184272190855900
10098804565915218853
05299569547397545052
11976580072790235173
15331400946579678033
12549454661284947654
12634169748870185690
12264370633842930523
06759639692797607768
09366444403114737255
03944938445970483365
00188081396564069110
16794206508075511766
10869382196532298980
04928050527965970130
04516954526861125507
09573404279255879597
04040419656558977956
08420815643347635875
10453144493857687230
02063836775945195054
08732805779584378191
16856798693649613356
15381132955891527124
03120744898002741306
06907066783466238586
10104211202105817578
12984527733141927735
15114918135308103541
15922981003200760883
04140833076944114604
09815123398856532295
04400564006648360115
01347147886837772407
15217376763105461566
17868590658394363987
13364739300442291878
01557735673976912231
00964910379641416979
06875648266771955512
02897969042574343874
07819733079063581689
00246107391992262628
03678774961890413784
01704850382237063014
00891409843732166753
10342996405521104468
11262900104182865835
03907779692171141465
02852529558857408242
08434960495956394005
10827564784328374508
14559629703632517329
00697920306900977412
08566290040777505584
16171708442866411667
05492417905619087948
06605550154232722176
12561300306416359908
02912056174604720221
15698036930303763453
16887797278712757608
13371979685893436104
00074884967181467928
18313050986823047724
15887768689067907302
00676097613525439930
09235079812258250306
05424056514614196626
09597112769543396292
13554157375651310114
08155427818660157137
04046828727777855425
04794098401189540144
01431465982792146225
03256353515566432437
18349714069127748447
15206771228747711681
14834886596104862310
12106893143129711975
15863529598413312675
00525256710446384813
14940543750984989522
01876087683431464297
18342180936888412880
01953158881346589815
14340477962714938793
18123411211470559925
09550615911706501610
18331952530675473244
00471861962141525469
16567677662588373872
18323547377454085879
00444225328159946096
02086742598374547170
02547744652871393310
13735025396162265408
18038636885495351792
11830053184730111141
01427458895058560177
15903499619209439393
17509392778696326201
02722011845534713396
10161438787504454783
09269279266528264375
18229276836564894080
02795334677584599584
06580770531102386977
00177874329197967242
03036098241564864803
16901706943545110769
13707452906300500655
10307130007851754672
09462573618651393140
16307557796869017610
10939715021320329344
00826350712650543953
11529380670770820793
04968683568205102756
11491299076363736172
14490223107989761331
11943093675189980783
03755452871853968043
04173948700509311448
04454958180315396556
11234930513245301751
16024421345407999854
08029917460066857796
04423582651936784998
09823732249230755175
03996891952864390171
08169750694808725187
12210505477076410935
00145818104156710395
10184684070180827918
16289719290281125847
08710331471077565668
03288156156237149700
17931039839868243849
17482557620004188600
08059580065182100519
03665579082039192977
08802526125588755549
06074276983415052255
16177752846167998497
07618084697651356735
06889716558384464614
16818233516067686509
01554283624399225416
15611832311701585565
01919706504123734529
02001995088679814958
10196268407138908063
15960110953939162945
17346871243922170424
06748799427181156302
01303733487943311497
17637177472213660498
13070723840340462328
04208068398553265995
10834049709660517207
17069504895186619721
03477597727605577292
07578922996000135542
15870141691212610514
09748590952666930981
07938046663927918552
03275281984373990642
03875644927840050076
05658144589937029434
16555288243770927339
04906529680056652141
02350642156075944824
02143919409822529368
11349648484514040466
16891151143023920481
01509500571457294112
06231832068687512428
06706629651601327074
17271384285132696520
17123511669509712212
09501590261388452653
02554299677989268368
16022799438230193091
16602077726751765119
16981911421741986716
08934308169372155415
11663542170501134367
16713548934857565003
01629980404693507735
03783669858890959867
10583003894689867567
11151515435437513764
15913809955945336759
03255473408907502046
18083101274188489460
07852969701569815654
12840422982729101659
14035331980746944482
14901522220624599479
07295460425400086118
01049274032619731690
12311891857129207436
00489991052187495070
11520593361232850435
04494133150906475700
08643474765253423379
08365546467329175993
03619018580248237858
09760654372313074404
11155344895002820867
10974094814406721276
11415752553248037621
15601170015342306500
10547235477109827438
10694032201192935381
07183991376033464089
15930007796453443707
15359666265102366323
04929050794123273703
01218508122691941893
14681095911754845597
16009677730685115531
07716907449234424639
00988550702923840238
14657712252872127312
16498540843334601021
03552746920957858340
17814296105842189817
03188815050875580746
02826061592242472334
09737282399701883752
08846179693287171974
14924660704594630305
10144512258179346797
08269964472093564716
08789013044164784398
04219676845857149711
08960563874510131494
04223713643304355959
02009808457907513354
13156207394471426003
02660252904099405752
15803549686530252193
10180062155559879228
03725077427706677929
10720579544832194332
08358269256194655072
14573469238470761733
06721500488391431150
11645580706502477685
07785911697401616909
03549749331593684259
10313560637909955837
16057504131569216014
04649589897094322593
00223762608964288384
02258030501168572561
17174012948673843881
05019554023827463880
17838228572361088605
10371139544632621274
03027669083119893837
01909604782790534277
02045733918356165193
02103892971375438539
01410984149898331304
13273154232862783682
16153672686717963435
10023440437567017244
07496299837640320044
15152414726739213838
15456820704867195877
13919799202572708763
17239603776552622299
00707305328473001498
01292982282263285155
05564722373504864972
08512561604821365412
01161462247823588188
04444551645322810443
17387538394038941153
18383422359694119655
16268857815917031834
17977343005328904050
05225095603375830544
17797162091870554793
06646013754116797702
12217353772905886555
11007922170538613913
04111760966205365698
06378624284924941852
00121922772336826922
16786409257707397001
13533955321975907853
08904984182917361461
13063044974482687401
08183545041221236234
07100881370078880680
10084409552838797036
13431488414402769366
14150727389098749321
10298450650657589351
06024841894788229122
10757790521516372431
05088148470898640563
10845052834733928035
04036179359939414381
15632805285541242940
03394071303102134124
02973759583292209703
16896058958960455473
00223308576596206821
03564902317718189377
16317669204987722877
18023257410133487381
08585395938867824428
06930568688893556814
15646329895502542709
04344921164503860490
00230090468678242251
08516488738775747475
07413736752661302919
06199485850889978292
14122343641023862049
11587108711471637075
11970425406367271865
07572682783449070108
17151242262135709921
12827600169972005665
08499932853422576144
01173483552595834069
05363277177683630718
12900453407627476719
14883104453783507223
05177084995029975933
02935939772178076776
08846230819385190770
09296138562964104853
07289657706018010169
17248622356956667037
04619288705060983914
03440314012038913996
00608064853137867781
17250114923484860683
00312738087018121638
12501001046240707235
00583839240367462498
14098112733104201269
00594875523663896214
04025607415371442872
15731803372391427981
07164691745613036582
12682432804667800961
04120676064205589518
16381811719221159278
15149266095760921201
06241042236980038202
07378081392318260230
16595167788252193736
17274792759476800014
04914868885162153401
14995173190008816356
17170213853048254457
00300942132535470716
08604727472952374760
14851127680203280854
01817061210119007237
17325856575625993410
04064431959201703463
17499027620588746194
15102303648554466434
16661690776312973945
12097799828952708761
03283702712378235965
00518584390435921968
01591912465389105111
11534960823999344794
11457847646776546352
17408262164583262753
09164103059854981037
12185973034092110060
10199281372974738827
10531323431829345747
04870343612796967777
17799372348470216441
02325958655030482331
03166194895989307744
15408559385251490399
14827988670960310224
09745435652385675674
17317990717816981551
10362785059510723802
08539927468637996109
06402157577500278115
03537506052419420847
05701097752307111577
01302395200153104296
01319355012429908798
09941243152741881558
12162305642402887312
17465487116029880594
00260729899282606084
11244721674969752907
13070487883747750096
03616906063465603695
09434844245298385093
15128135752799105769
06674199938357350281
07506080513894641629
04193251653413288599
09738660401356645865
07872209992174629356
13604382301754331453
05029146532849958644
15199440332307848846
07573508252070117020
15856064301410449406
00988225443625320546
01186631743529475314
06095772570005679650
00175141257444585486
04625403782312913766
17083928749930736024
01176153029782300120
06607657274821103522
16954530561183579442
18363143132129614476
05831183063596615142
03742925667018030235
17035481949948888300
16875497555939941190
17591006756440068187
04602544314329855673
06130174182848332291
02219868539549309816
04819976829805720291
17941963373850305871
06482908978537313248
13002704438689366596
13662365963339161637
18284736561348879261
04245612362375163912
15302116195671253531
10980774233336252619
03678819213576229482
10199056012569418157
00969331300162033994
12751953250839292825
14387341617148078020
00363820674878549960
01559783734406728329
12322910441730986253
06932359362659905363
03195316206155984496
00272634956836024038
09229478414760072914
07790994791843328979
05497268160394540546
06438130361487669489
04138486730677534955
07085015732817419235
05496797998655445666
01727271571280651337
05177136894656670331
06371302628962664819
00630222583886353388
18173638078682672190
17641844815362818565
01970312932973794074
12043386023988574330
04232855771550583969
00705230658100095660
16265988914454315798
02725432931137082414
09497872198195663578
15461507424173663056
04656625449194223757
10253778436761719136
04222587297657397902
11164121036537972375
05737433627701228477
02632859691573813171
09690386123767548660
05469469093452232203
00688125303286160004
12822063009239216522
12170535095013772543
17022404975154224660
15065989985370239865
03117710646916574839
04751802405114356514
01668396381111110142
04528142369426476906
17909005006294349942
16114372088005418431
08221131911456085146
04714278626972001644
10397747531054771505
11984707522529403033
14757123845030930639
03181018669695929495
03610947241623996801
02201883646567764655
18099614707817557028
13465966038538430339
10940146046223304225
00495285385638707973
09083106460138941639
12312437030701778507
05910356286237203559
00281768306842623169
16413238474986841227
16138332436963561500
16304388071374699911
14795116226972539786
05969849694241318982
06498123128332937712
16649910244938414906
09710627804679601862
07076961104787345590
02948075341087398043
02202957079302060674
16600047884073588375
08976845290493555643
04661773961047970815
10337727618664688767
16011242494473546143
08731228837437290856
05504680004265756135
11224675133527324612
17468382667252245952
17742465447971738775
13795425881442630461
09367309066634765116
16423513828540884155
12203927923834470392
02914500831641900537
07846364937315346166
09911362933701738206
11900166160135736446
05145013549319451038
15523777162930043129
14160837745883297597
09463498964100400450
03471195788831915412
12260248775730975532
11854463430902597529
16732141201844778118
04168321900518022000
07762087325941945451
14948439171305172570
16741627707521966192
05507711684325259183
03847050263883684742
09565312274612433203
06402740946816622620
01000816743858358233
11987500038778228871
05854522612663450103
00471221156876105542
06797773052683146401
09022842108666714808
06687226712476196685
00376523724112015238
06263609966313227651
12153841541518222794
00950698814501928257
03213425133627407907
04356783866732073563
08432346216971606193
12342072306313041238
06734925685424744783
01913058781718082637
11458907301196071063
14278634194365426375
04215586646018436818
01464850602955050639
00123285884449566914
14985922713649267769
17342366609525310321
15691890179808695469
11715365343523725057
14045460082513663566
07243280104549254864
04573901973167792296
18382305732780200836
16935529097539824346
01635469384197958921
13091779184363519897
05298846850751151470
08180940271595407586
14638389484842193510
16898739658203200141
06131855664652042636
04981709719937176993
03782046068191536386
04360895412622883187
12693107557057948423
16723847674147195842
09465626066387971511
04785529441178045393
00366155002846660864
04265674899575047461
15821843758859353436
11542348843232673980
10166198987541004889
12413591660845137942
01551733887224814159
09627814121511856244
00932197039395875317
01923127726351738878
17870170780326317226
15635642798283581762
15828176784292373959
07870528410166508377
02485024070369596884
04292749970880046349
12170568670330662229
16922535326416002723
09203484335983436152
02617216804238821602
09082187711907814458
01745590104219109778
12640313288228806979
08930968627482197618
13440054814376716971
01393823775207904401
11316464383321099824
00725890279041168833
10560854679706450297
01156879247222724617
06095638950791140479
17481086728122432432
09600727594381062537
07156592701901638098
11352025022875813750
16095282061243956193
00368610038466470394
03023822500555124998
17154324029004100864
05504420891031241092
12506793838289394820
08662752537843750408
17475449522402101498
09304297695623959374
06440395322735660977
02980078445771930621
12618375214823733121
08701648975946510202
05169892988751805130
12824080328200837426
06832140170998315552
06289900779535033952
12491405117902615560
02237865774880145537
03881771391980558764
07374420799188109540
08643275325317090905
12845467886592180406
15987271146161472545
00284735607827255747
01938747219987925208
03521609427171990828
09346294139567602079
01325993939026091819
11438666212766287049
02679065627879108856
11262117716588130284
14138259670855705633
09035496864734390420
14098888442332430126
01766620721668974817
15270567199190544961
14563439077850743441
15302630424163883164
10102958322214901553
08737673209988952302
12315476220418821021
16838811531395991276
03273863551895665101
11484413721316496719
10142624790169927660
12117224638021423771
02717731175784796110
01408675101019751962
09871363668275047368
10656287571539870206
01517819070533934679
16325786439102194276
07075271330548270865
04782460674873842730
07596313389100276476
07774088266715586914
14559465688758264387
05420034387332995450
18218289108704323990
12482382718026848365
10573842537472288502
15885846572895494452
16009489042969197819
16745187573730976509
11681881010156031828
14176594248111069226
01029408881989116892
06530457638272946806
16779317118444989799
11060421748643521749
02624438959239918478
06152661670112501907
09323283654113507474
06034436279475589074
18058254999899368989
02191248202048036824
15541004144481550460
00892152434579258685
00350656112205172048
13379377542973593274
15087545357006552818
14980886912786317241
08437561430273117196
11371705015958740378
08471536461318545766
11495158001939895759
14074420716851033826
03466760232489140798
17070834106287021126
15856363879738327900
14924583249218963169
11875289159632294627
09402661791265185769
12630800274794760024
04026305456572622714
13172896440915475839
06870504286872545726
04638675298544602745
05411176052652231802
18195303908565540540
04412468745363701230
14912661051154144206
03851808694174813984
12157841826463505435
11918861914984896712
00494151667150849590
17155276879758184230
14366767777330425654
07255960520858259810
08136508443362508488
00555549137745687590
16612810434670807531
10203553128164098598
00669783920115181201
09393660137014785736
15808137612941341940
15166832777077746855
12052799725140274639
14826612844198130000
09475234432635601183
11921104107492891265
05348040505243106066
17079372579366392637
06326649078579998278
13140094445226389071
09363125104106478425
03846003781407120003
15589054957936191199
00992138885820478561
03797354428959735315
16388628474737926310
16313468619693127222
03299119660946724433
11379370249999224405
06863327598429081805
04816320574665407834
02667702052154231627
14924720489146384196
09105432812028346833
17391659056436760184
13293610772986734974
16177503427616236172
09656374146746482009
07945507144572183140
14715246826053787130
08952344008431662338
14153522489505386296
11220097601919430332
02239638973980784406
02670292752992413086
07082240199152068966
18149868772249307874
01552005752059294656
07851159668767028155
15342250558285600432
08494470518237619357
17978368872964173836
18143770323103190952
14489665274192999680
17885636362246513513
14950262605122364386
05818924653099171717
15266309963329500430
03138633341938239840
10878353457753364226
02363525578219487109
09036876478842392043
07046239918675660579
01891040390398267191
04654001197548813399
05437620005322441249
14544875310985158592
06231664946736506918
04967920236772502804
00611074164741620017
16901549317482835409
16108986520570565062
16033304339163878862
07769605892121532406
16279324450116070685
08016558477494771621
04554396067751712804
05037151090955070005
11432715808935238086
02278182715419744147
02452118289951754502
06025649178386085309
07365392600976130106
13317689139207050361
12178479734742416087
16230882361910168124
06347812931913938021
05630403453855326254
18270044844579559974
07897814504202543333
02390355956401231835
09679810914103457496
14812432975387224011
00659320754903459874
07365933659079306753
03504559833648247668
02441540863632112155
08059943125996473001
03482441574793056502
14517402964545508647
07903695445401869529
01443569511800203967
12048869735001340395
01066076396958409991
09657940680997823312
18050484341108315719
03259012695151450166
18432670682389849061
03167734732927893349
07138490771585410785
01604689296486264982
10124392302328712100
16520330665062659711
16441450090173962088
14762253332022332311
09144052594844505544
13214002553626031438
15587671288451851393
01505983507087034992
09808291989855023150
00812638994321630849
17587438637200582436
13989070592336966514
01218857638563299356
17130454835844681299
05017616842055546077
13411094256399228776
06838482145319761315
00342335110688204538
17659373119993394627
07001182853324609523
07504219649667247041
16962003979512589438
12279301943443613619
06150251119953602461
05702979430961343233
13114606082755695458
07779320899526469047
04127650721467999557
10146267470165069626
04242053068210284506
01143947713935206902
07190210254772905984
13688141891505775315
10917738407804431318
11224457207152403549
01858128504630706430
17968608258243520027
09313501434496162637
04819836199903337959
07595596862111505101
15866972616809584557
18259680062324943979
02967809414985536507
04086118444271661026
15350931333143971847
11609173857493137034
00369712407830052795
02091694470083744764
07667631354221706186
18160120363074211144
15895220271503877559
06936164797773114449
09323094646300645338
13283576272672829930
06094259592584492547
06877766070377508407
13255791853954209489
11023625505509740055
17289840196484027737
00385177961769948842
02035419595027113867
14290234477907213201
17967274276870027174
07628437978841956020
10416094877234365677
01863676564536065946
17905413260765225154
10228945953312072564
17718074953076892239
12638524296172081731
02103517167192416112
08211858348630010912
14186875718742985330
02949731592355688062
06351143464154706947
12324703522826372588
07905653803489173981
14591931296952792218
17486695713002777272
08274733984637503868
01582057018355521553
00950657712351402509
08086070101941869675
07121529904900025027
08578687677022608665
09616600541539246418
16276927338100071108
00728654289422537065
01432922689423542914
12261033281912487188
06947388458804888970
04800535109655723162
10305146451059164027
01447993684970871437
07023986142793417035
07190105446807403660
06618967339467660762
02794067709926739643
18036976241934195699
12956702901538921591
15746141597910656214
08689099731863125920
10681096024769463093
06185012526322562785
14075051541729528582
02881013744672438788
12021304228706396483
07137230328352515088
04402479723242780612
13040733448653648796
09716084460255217307
12504390546508861957
07234994772660865877
03488164002606596467
05438642598577094821
08462816184808110406
17345518623329371036
06814882085567266340
06278142389963102688
12490392497587213084
13171098034729742057
17664953560801187454
06987523242523283386
18250241614380962942
07931042867339627196
00877650022533240257
00269799016053436928
00478391075986766683
01063448572651558803
13335436686682991400
12813804744168555113
10771460408668370489
14004791542870088922
09866696941192144991
11485087447072713985
03699909947401745523
07439227673860284419
04231761052904666919
04922912649817648404
05438321210728722714
06756590332270428917
10396732789031788381
11987620979897668606
06991700703234394370
11949945861164812175
17038986273294726387
05856170981422895113
13661090657729255283
10277898963793476503
00580090993309514947
06582486833532745091
07209353753395232835
05839232820745171692
13943910855688271778
06682371767963631306
06450895665870734872
11868828428054591902
01024007469224353282
13752626639403142471
12764050976714711341
03362131475756827755
13276219845420301028
14553583053258530269
11346089653594407061
10961876608740573068
15859651320700183698
07352680218414594490
04095354035070450468
02274027035108885207
07496902713462848034
14488051351128407014
06137612259903655863
08369630678896817806
13581375633944909222
06071230979553052894
03554203949536725319
09977778419458744417
16855616539480673145
09965137216223597550
06944339998370897564
10642313365037343814
04155053401389795947
00909929109233816059
17356080714498565014
04662637943035785993
16390194438980851048
10616955795129414090
17016495840761679435
10306786298262853605
11130568411134550502
09353564231001800369
14700110420736220368
15744815332354384708
17047401062642943193
13316497917141828612
03899155959550997892
00131969276423967193
05823229042237850395
16612428901168625402
14529990498900328595
08067820223761005871
17402193150224632763
09426443404113030923
06177493328299445462
02484562586277565244
06226172688379674284
11055723973877020862
10343360171301016096
07186424563257575558
08136653814769551561
13798926194909440537
01386473618231329314
03730185780695642731
15178784525116347705
12925920510381600813
06939571017112484486
02126613362608236203
11833276357948904330
07576181599754704090
02063641936923904743
09816357879806074538
07679333846796004859
14284367031166894482
09253088641859149427
01273016697393720335
15524478907708655196
00143487178835233063
14319207606495057174
11057655209332334372
01233596922113795917
10580437956204194864
15219408430860459805
07047885248015691338
13241760958459869122
17119723756563142684
09478556284460137041
16992381821389224971
08735462586883877285
04811582271979291974
09918124163343668688
14267147064713359732
12099229257393776272
15601613689982327009
11462433294881818068
03865046584689187862
15997629090732328888
14518236074664270260
13530663419643197348
18199120897764216354
00017830553823036994
04129402068404657394
08088886402754152974
17853736038981050079
15588651802304900905
02173403131575969598
13733384836688815827
08657701159177078052
13607282045932315108
14590250545722360857
16363913893832497688
15705947980083027449
00070773101922282111
18019189263024512648
14738938081509053071
03079374806713706169
03635501021147458466
09534780779530291967
06074919711156790461
02006648939006414703
13802055310381798119
13766557343746744112
06049669454456927000
16355078559958530463
13884709568249465536
09192715281715525725
02692361687271985320
00086236993600211587
00386885075993712446
00875881654919248446
17323412639706186621
04258236087091606138
16611356390651551482
15706497127698247707
06298929296069356143
14322836592923733945
06965719920796598704
05167465274886034892
05755968357145478693
07765722279257457190
11770333314990241295
11816219011859351818
18073275961737278547
17617438889558146455
03852804739641675575
06226095938911457751
14930428625071376669
14039433786130173880
14756315232527445398
02180099649537400120
09306473855151601532
04574533869753690386
05364132641950707146
02733561700829025670
10301133580483119865
03086892401049092613
01092558436848796822
04105697596584991769
05071250573427998994
11222566737067576615
15634358461007912500
02011466406520365658
17754474735779362000
00538951887739924040
00228325434252202946
14003108154140504748
02282646281944113747
16986323297925042806
17642110622987264838
10666108460455117804
11866740616230492764
06933260991955574354
15260390167516574415
13832747075330531246
03216375720819957791
18298572310009528308
09551078992860771823
10265199816275113490
11998156238419943632
02733231666346674699
09828044938520970531
08284424137451955688
14850858829244776177
00247841238364338580
00007953685696532196
18246352857832108120
13298360877486124667
03010789972002160343
04202518237380803351
16262100423549000929
16653003857664736004
04665102708213749834
14743396668983632896
09920276024470615956
11835158746670878425
04784153299921274816
12924898039866908398
03116348696901879019
10908847694527955120
04518406125269486756
05001153192717434087
15365441181317867781
00786144632615552800
03530768455539266509
07789572826189882252
17135926807332721164
12483300706037927924
03915200643676640962
00688462763949644011
14251142315656474972
03592099409447970497
10623631375683839621
14347894062092544606
07761017377334131601
12343518358246789546
00245247334092320392
10337980926639541586
10038014402511310117
13796982791554900128
07058457950966920375
05140745495789513206
16594594098037732345
09401619273948455442
15401328116051120824
17047305961237672707
03555356764249135794
15067666883607773736
16777283166825888905
05518897113201102764
15314939700916153510
15072031651162615717
13371727009697222604
05379657526354675693
02189340834928114775
00675851428887431317
15065748931290659509
04755351595434692648
15783545993468939302
10730167180481634241
13748640624019633056
02564600613132809414
17955696163684920337
06410965653268106411
09358827712757547022
16184562090419413313
06738660653754660066
07779087493681872230
12976854880870937741
18025493485834935907
06465286578987733776
14761442425330124141
13699575254838439623
05553031858093142439
16983631407376275900
14135418244476020408
00441923267784849952
15711040011866258817
17080479362299901091
02066747681463803318
17375572318039227527
04918336485041619171
08633747785157250582
15750632812245393739
05111531439612864623
11622813156778778893
12807837857949233890
01572895475138059725
07202399749024384354
08881640223780826606
05319073257065000464
11235455205508670946
17206161933254470601
05568135603437263737
11796090358347234824
06482191793435555260
07006083924375511360
00267813608945066878
05439236308124607234
04931845415204519437
12987627920756817763
07040393289011545461
03129648231996624860
02322244049471140813
01194032129154541994
17622975432555917271
00068938485053267691
12744181148949312329
16117164223774830152
13411616796694301669
15056958287394715508
12433123366462513975
