190
17485966062244360194
03572221392691389366
05004062544497909294
02906449865719344270
01581205817064462986
17252966252870844975
14329021792812524855
13209812642525500906
02245872895339204442
09581582865585074028
12180742645029260113
09798959342678635551
01723589174869798563
18093568828767583243
17651475995173082507
13782232550181166409
06200565526872507819
04468493785553894997
08455028355635865858
17185659720242977240
10593342397586403596
17756455754840673671
04785460843285950515
09821316900443801174
13722549716453821158
04795479717843964538
17119122323123698706
12764129531761000680
04312723824476292094
06492329321072111507
14302136211264826806
03430865583978530919
13391691001143011288
14154482827119574132
11156717429634435822
08620063860269511984
02924559056301450106
03911400809690874447
16890120651723653612
13912168173073398796
15803227086759587123
09474208099495934709
00566667469345191576
00679876728107684254
00866778317186775824
15631542657609300683
12919078035175333131
04499260747361469836
12991790257925680812
09758191671717384748
04520634733997116286
14853063553451917940
13565776464483363094
00804245349531851135
09052150811222733838
18280863606644074712
07338230907206491920
11238096922773705489
06604848828915010377
18357998658057272811
02233251949362478860
06571510097235407389
17334432634480612445
14220221844031548146
04972070600539131220
10088655241053031146
17376312700494653394
01207273373636878156
05909368667274937807
07090351402140277603
09227618794808234041
14599376129231000178
15772611738106217817
07251831338491359091
14756700160587704454
15964692690548696355
00393971610395099699
13476748997536351333
04010600967869651823
06372543335365030950
02780627691879823205
01547605479673206240
13332439588704670295
05267161214500460900
11052462924041472544
04021952579543575945
14729306293159698346
03868325033868303975
07640792643736103041
13866290409481809579
07962294869723997618
09183520473461014687
18205600215954871535
01225694607303744389
07727778478210119898
15522946776445539291
00511825088290875718
04250522009058631500
10044766372423737845
01971339637167823241
16035439073604936603
05811272897191691615
17772074697352069673
02588578188350268750
05784427334034542495
10658203269343227382
06980819997817550777
06764262854608056337
00568333277936057645
05987552854069809871
09317551290577546168
17042372922988613392
10218159917052045065
17246645916608020230
07548092150786416432
16192212747904798323
07302834050734341884
15051276771148029372
17238411485439731926
06861194451271117705
16160488048596481894
16427164160655599918
13728303727666840683
02250410120769214280
14602390864939419012
12641118399355747766
08137291106416416029
12545254443253275027
04253062245007628192
06082588130866709397
16958001986154929472
17166326311206635607
00131984816171133835
01695075844608018790
15854949511321872543
16749687619766793590
11350038257705952814
15910244736625050788
08105675162942048151
11314797456558829987
08156724475164533314
07784375770996243701
00218450497525219655
05771931298750783944
18423482481587287629
04344548714844339350
15839952614605074149
16229532291381772707
12791567220363259398
06758955447511061006
11740944104997291497
08445264696853470970
05157330063884848139
09251807475362123771
05600181978613449482
16567336491507525870
13739704817554818795
02382360728649456099
17347314473980554170
17284036903953376139
07685256537717245445
06666633192543061610
05824871091053236111
03828969071402314247
02775519991332870668
05329239414206667569
01503077468314756197
17453134906572677845
09252603105515795944
16154324489079502539
18367452266869398525
15895320835734985655
06832863140231897534
14114373659099089970
15377203993769043063
05298057381625737583
02465898004873303873
09673799803516303802
18104611767021850912
08131049343345165755
16180455810086115946
04960574045321786470
00884897277797079176
12780119254657622857
09073039051672129812
02149499709091541557
17232149358885941771
05622927610487946946
03262597061211754992
05328148534991132246
