500
12868864630182804404
11657401196986086144
06179436240048015830
04903582277508028356
10151033299501077982
02810186570269731888
12779469163703534024
06861213466819584217
08450640445848221521
01814936116653842881
04727732217778263943
08367077003800991017
12398422182881125586
05384528272153267395
18159972034573708425
09618613104221569747
10359156424433318754
12846525796593724129
13365137863978516860
16390727926562828403
16068128364905834043
06145460170653877040
15325482232734322259
02256594602662822625
15400294534314347357
08523915867722713899
03617718536284965217
08096979360328202141
08765869287619768435
04034577315500386366
08439134817563187581
10540832443003254471
09193964279030649430
07558628086834235291
13140666625395380511
13890595861617436606
05721303719887341537
04580036492149714914
15582185717012068313
14190742666505126243
14644353696484380183
11508547724904057534
10505620564161074396
16460442578107809522
00172933182414192959
09464211953645470468
03000762638073216033
06000488577081256621
01333115458474965576
04776612511315562624
15995150103243453684
08094185160244631697
00867881192628974405
04441585843827145392
13176488904115454529
05479892113060599125
13856740387143461410
10304223149658024429
10118888824588680712
17619303552801329132
06201536314247663712
10894279761525907541
13360343059234686469
07747994342142503689
15965821081585451488
04802859651079459680
03420687378156696808
12498089597830600164
07915875059941437963
09007178392957378069
03841394878273541704
17161857526815058032
03419290272613516473
14038290486702564589
03116836326323308402
09376014880143614510
13179742552138359151
06425464750639054092
04884056763823072736
14883352759125714042
11061301752952543723
02149468148084011562
16585938623714500701
09956443892786678776
15814563564383132984
06591803251305424994
04862939640174223271
08139844516477152249
02279619804539449431
17678980620175887041
01811770220040733531
15411332670550745313
06862443647655427170
15423255084375122605
09238162315680868390
15822141126832817975
08701505888906810055
02206958677197091656
10439155969152009031
07056374641537899635
17830076790845952172
02821064301125596374
02294430096468964509
03917465075300100722
03507831621964767608
11032115187377413638
16417214482501553505
12867389882670024037
15078999896116070647
10930754514809419469
08473559039762185871
13495823253252229324
13150467111047395857
17823004372164265971
08062865624207582715
06370012890998566586
10255143822217292080
00240474202110722244
12178797563509772651
05199104903825936229
10519459399826007286
16154802740854537364
06098386225339825481
13550097508895888926
00262035557371751706
15969332366760966925
14496780068797441778
17758383669975884164
12400003940071377100
09065916413228251289
02794164332959778980
03640592517676263066
13472810525912774101
17239066965186895973
10827543790497378929
07488452096252685609
08168607868923032966
00421533847306799319
01467542017940659145
06953202944926739321
06843376430298714335
14529137842563505652
04638894666839519245
14837768321232108607
14392123531609195107
10483558587582561255
06643263396115594485
01592834882801271152
15559411694373168119
13437416493073828986
05791908974869433469
15338281021068284416
05092297906253572779
11425919478072629026
08679220898292469083
09705831523324674245
01750798062550528552
16275602751402807625
12471037220298871789
15068389087779127144
13279683920468261093
09385493919286356926
09074751727510053486
02470969289154219517
09061103646343856825
06392042442387899540
04856860022236290387
07029313222106041347
09111465666917683000
11891329799163173377
02692785995847288104
17464074118714142610
06231490154534343762
01503033016835410993
00107901911699187021
02189577807239895676
12341275749240822361
06107489403808831512
14267989236083537732
14330494847597146180
00614761604641059001
02242064931459064207
04710691567781777135
01146830675994725295
03273265397788881942
04561380314955893361
02108411658856188374
01963091240305293275
06110015245118826806
09290490197383118383
17402855318516022589
06949613337729636267
00729200186015798474
00975186179972359509
17097066091831058641
04970010105582463768
03251483784290761545
10021186175143922029
15414887865390429638
03973338593987502480
04585151580757032166
04807460096955199931
02217789508970763095
04184168629902656790
06861843879546347371
04247704647647504232
03058345160329911664
17741300322627856916
14796305514469157988
08902045135738627935
16059454458969927739
03999638713035075882
00439800279569993035
13758882188704197822
04902892349656596055
11700350322790169186
11225275342219147943
00708848126011589690
05453680248834823388
14362355279391467334
05880210351421256704
13395211506343225871
04418987007116264016
14427133272022778655
15974041087252901718
11573267371046411687
02610815315358306851
04285568512683730506
15604325435062829199
17763266440338962486
12324607117068394639
05364849048687396758
16733273312664583339
15004476475201106020
08121568735967027132
14164693407381578045
16691784555682461833
00649493178098846421
05545966868723588390
15188660695419519507
05715149698621101210
09832977399998792380
05908692300756104122
04172900720801772160
07885261022281407698
09088331517547499131
00912662408964290561
01904158693686922853
07288288087765551870
11170661607674393160
11956861643413992621
00875651896932337866
16397480052841607601
00764089704310667677
13102260034697639386
12764100785907252879
16743083209515079116
13798768895292090311
03924550324677082044
08085898537004119453
02152499878333232557
08772907161522684610
05521664650059207871
15236434097773213851
02460063178670244256
08814984768627332084
02712886780390422499
17467755764065629713
18103309525912749467
11389231045954199824
15038069428236217862
08956373533965938650
08817127793954360889
03797744895306389361
11313622667995367052
03014245869134264344
15990938100305602803
12983363064224435911
12302731508278011066
12184788397359251975
15341499722373628855
16766191993684242979
03750301292006153675
14726662539943932861
18419785814293389708
13903350797222704210
08000605088553523136
08272203573768599694
04798916071359883356
08554809786697025859
01895588271007856708
10694525013883319039
06038762592470873007
08083497253245519446
12894348530337628490
10038375518644554005
16324780996290931019
11957757423422021108
10858991435974428194
06463237371459440541
04315703677932746736
13601151284915851372
09315177693192458412
08532713610871587229
07166800283872595048
09533242259492454252
03368119337978292413
10356093656025954432
00993832196739662618
11145417271094201750
04927278966239618657
10573912216210629644
06222530492421358174
09410883239530483320
09582168159042654329
00068268139141228900
00621703425848899828
15122015281541289944
06541444636159858617
01716771063081342281
08736197028340656020
05025523477444704632
07946791350396082062
16365497988885438882
05671489491216911089
12736373532845354189
06960201155856344106
03935694110386050815
17664140288020786848
16497668187263122218
00640780862619750267
14227879199165144976
04105632786795079103
02387199876463142876
16881837081263445007
09590962028009245285
14757745007334943230
04542258704864869754
07610539368075558243
09243937089769446758
01618835340853344837
08353424851203838298
02523468368202622622
16827030313286643133
02239615935578126102
06516536442748726051
12836220455335476679
09739386655580323301
07562753476001961589
00525913805229813118
03235567756907505878
03497829990014238406
16854963625591804045
02778925153082117065
13923392995793879793
06829994166305057032
05784389319717072352
17568780859077543272
06526774613801181639
07917484064957583899
04945652148174860869
08347499220465397292
16981776076248468340
00091622722451943428
17615047085822240652
03891621412472392318
00572223758956820614
00802601921796101354
18223769321602770721
08806556636066039038
02236000714494537525
05081460405238963136
16154957367436009920
04857556962150982290
07215787413412239601
12733349576689332218
05463336140820588794
09415408591002290905
09627278949877110216
06019443811819044825
00956604839640621063
15448895899483375548
05415058724345992436
01554452382165336246
11312351818767361469
02154980896904266057
04741783466889194397
00654756096907668155
02796426881379635327
05713694262948789986
04850990598703697010
01349633053563132086
12829308049325391918
02340560838404927855
10691324067762039311
11355300365783828809
00028766682157568503
14243182777388626540
00220664081594857279
09747803142051963943
00325331317024174464
11811816838430927537
09847299179010645369
06742467636979897460
14765912970768363175
03437721101388625129
06397361083853707263
09153892793399776826
16962120922201362117
06141326412857680517
03273341328752657309
05674566718247055040
02845127053789222069
00219227075915465766
02722598846057440481
00045371947546757686
14335245621585911364
15941968985840504338
04739081706004219317
13801147700064815850
09520299376403184080
18105482660657613153
12675988317630420175
13741979706292414379
18355089777135696123
05272466958991263298
04541748893661033998
05348160253524007407
04698873405920045045
03715033149365059705
08934677193483677069
07773393614371527723
02902035992874479835
03491723437899045734
04084078460261564590
05888457589547939538
06942406116382310692
04148555534469624087
05412226902749317628
17101275204902697910
01349364532662530291
07203032333952785191
10725828693318224320
09091997043685442079
15452498618250595653
12169884680590965953
03672330611006595285
12971769287831265079
13314467057668943983
02227937482775822230
11379405067056450887
15019174357396204212
02574521456465987607
02827645612409516040
14217837863359474646
17667535183311366348
13652909695078776518
00145900389794528969
09359992923847000955
11731156420322350594
01104890558790570542
04737237696932102145
11902059921695624074
02897550761101305335
02431042257751483940
01574450407879513084
00280904965930747371
00498692005236767992
13346616048479273570
11139564401883824964
13665451811892702950
04839428734076132371
11373078673954263545
04034443789112265691
17848831029471406033
01486728172056129062
10714714531644863730
09824153251953431579
16285746056282132551
09283733270340236001
05404400098246000214
05264390278726044925
09394142198037726297
11000259520339613531
09558015119357729186
03994020244341762695
06003101642891487198
12745835330273600469
14325438534389920503
13574083411892169915
13714238536714171714
07196873075019853277
04439163118003145943
09523408140900337806
13635997841709014068
10280209879379488092
03462665054117981104
13886439095108770728
01362353979990005801
04828753594592350151
