4000
00558615945689510040
00846977338164187733
03436641121786599727
12084842628825163829
10900661183846134976
02757456031280326121
08987205277197488260
10504217802452091686
05441435944494486029
16718652456487678435
02088893831474377635
14140886355503180479
17990152886775960799
12984177906412038676
14502607484563152534
03808672685688003257
17529226807207273999
13688013077166359557
10864356132979674315
09428409177349890563
03125716989455885956
11168446049169442947
10511415397580594875
00517461398561238672
04083657463475232256
15633838635269472354
18137032442736501484
11524193882867967548
05024768507734389105
07058748753122641594
02816202886017063376
10090294532497861974
07549550840399549903
11036719605700366795
11340760075095286850
02195700221169223520
15255825071762754658
07322723271757983748
04834960667733983511
01390181163052088135
14749780955463464058
05437364281901191574
02635294797705106751
04350829374660037521
02627481555484474205
08362813519551588059
13452459734888026558
14306105086469585893
17792882870984862391
00431246010085585599
12790951350095455740
14781089233763220099
08177302961419016950
17614278513996543811
05346519345494336605
17528119683920960361
01700341213884577067
05639325782747670323
13491245745433048212
05379919136385850025
03189856023836484615
10684349965203110956
02725006412161141023
01443274072756067023
16201347816128543434
00198760866514647130
07269445557001323049
14989071518185742016
10014665819053386906
05991478994952812510
12011970103102357952
06228261327226258379
01704990364366615744
05224917152832465097
06968532720860667764
08605359698509485072
13297351101437608853
09286595458424359049
03336168164423440219
12802407045440847849
00449616410335387257
16864130451248393335
12047652979086695593
10321765508827213261
08300792903026122718
10938175755896814003
01392761487534178187
10084380314327893346
15523531310819731450
05261781827120387757
10284164399894281336
09721484051198420477
10553947148091841781
11189848085903439408
11545355615133699505
01503351525063357217
05970622389504050272
17994154632844114723
03927240209749197922
14286415993203645320
11240038497824078518
01289623481385579928
01521491085221983684
12963551276885167237
06596411492340494003
04979662663069695936
07711119513878441168
07467381887244593619
08064022845737409875
01450756576356391410
02413538741130833572
03940645721411995905
04916191840125942552
16033306575801658147
06384749812745824018
04771228546981507002
09887594210908582787
02604413474351290103
10059370815114825983
01706244892300948029
04515350725485767901
17286397810883548142
11264777026475833194
01065988618841955463
12580614239423068167
11888755292683011852
07373433149275893634
17098450724596745190
02501829937138852973
07484454232824313270
14571296032222128265
10260269841032582579
17781134675722518326
15073432108288034977
04712668653169434979
02651194602781818104
07547949790972051100
02843278659268976952
13766157208272204439
02103484131916135677
02972360026336284496
09230637325049056750
02674946968112443792
15012748007261628459
07867315975721994194
08249035946555537637
16285400931821351286
03951705129632166595
04957206871068710090
01349195760357316209
10676556506154419311
01522481703289276008
02013454936321813554
07119227702123062827
14036122204762340781
14712567855101216065
09798358612975280104
08382957174244437345
05495488559121715966
13281694968242781717
06175884528572241590
00121438410972266806
16602325994208457096
06206189090019358409
07508099662829168069
04827800183961448298
11602392197980045715
16784230076693745169
07082952948240939192
09949745578051017739
01927849084618984222
02684763487145299484
10574835977866074488
16284855297733215674
01686902088018146158
04429267144701177411
07805479794466875132
14206754264733145323
07041290543349679442
18156864530610149680
02485691388294534683
05168649571310589355
00943235468145229351
00397929381898968462
11114817238599685638
15125165145311002336
15533630704951405890
13828879881615778352
06788443548079149271
12058654665839392560
05749832430732207906
12767058006498973412
09393872568229142184
06545779356603972493
07064278170181401667
15540326350761816730
15654078788141862601
11007907514518742699
13387499033146677481
12047871801603345394
08847243553944141510
11682005159817423546
04462011397535285054
07201389997022608959
12338097522510770722
01097051267845379298
09182359076778285435
10965757378492985783
12146754691667407067
07340165633556781250
14858395607435227661
03939707761554518427
00955167720171925217
14658329851191689785
07596268679472950386
09047910182451352881
08594923140153134892
15593583994018627134
08523550781799588742
06852577958533328635
15742304583339527979
05184286457445406771
04529910414484400197
08349379833518306996
15397786845930262167
15567797939973719769
12354877895982780128
04159849948112700091
10215686256160732869
15233463548235672231
01983012038215016613
05987660680069674702
01878411367272333992
06333437233164312274
05397545349145122222
13740881788333980946
00746447481159486286
01287697989315319554
05311880424539020811
12214479610876152247
02984469200217860645
16831981086383563576
02831069036564033449
02757708407612943972
05334183624257548077
01739074710865170923
17236563737424979423
11120668961939836703
16788585217715284790
08609853127256793984
13112509387728040539
12258730273077508573
14016412406945617790
00633649649581200776
06080608997897773465
07692471107505595042
13852861693040786770
10779129424319835863
10650364808679387521
14781017328046918898
02788894932107810919
05448582902737583853
15484474522364659110
05652450899767988935
15164354149127582603
01379707300465381720
06464621765537138238
10660484359473442042
17996024617620208391
14214710597310294507
17172831701456952674
17847141280722574671
09527303224414980490
07678151373029385706
01626409331401526634
03370345854943159669
05159995409607602531
18027258196053861846
00356552748060920373
09277288123263710662
16022433033888205432
06607961753295170245
13567349632306521397
14457459424531015740
17497255162754570965
05580418941150430864
01838003831456759611
15837943438586228437
07904150132942769657
16285729404262799219
11447270110098575454
03191259730348560074
09232523955080432710
15006303318510090860
14655702535009195675
15527278868961976033
12915863868742364084
05320010022499552734
13561812384755959590
01064017071380920333
07384652348888223653
11628536541422987226
13638332668925817116
00227846634250566939
08389310404355902812
13815245603837874206
08822012930490194373
12896879245365080314
09904227721423913197
07270887834408522112
18100886412853113002
17383490036549840591
12262645729862696856
03906881793930254013
02933782865522114236
16087341445393395739
05573184425450306509
01658632445047772771
00372158719194314017
14031986304348022117
00731651626093393393
15263119730969725946
14843770218047777925
18143571499010677873
02507725948866375736
08509570824928693633
03789689748581694816
00590351139723834042
10845130624823505542
05227624703497107051
17927031579702780662
01681235258854693933
05282800286063681407
16173438628150566487
16752685680486454001
03424837619787511888
16079843851219856292
05039245200527798672
04563806679989801209
01475547535503015709
14960885780112420872
03377680515322472846
06326912859351884785
18092028698202077933
14887630352313262092
08897360322836255707
00451457385450281385
10649426129454667213
10568947016962481438
17270005166611961600
15180098785140358677
01549583551709279810
13793103911809427045
01803249657155764085
09764929855241998190
16367342012417843201
11799499714858256326
15377475374170981574
16694866114260997067
10340423789269849950
03463072113375084415
03080052901881929182
16878970317497320847
01815267866858326467
14429904960719334088
03141341233487040981
10024656484309842521
18295850411841056006
03360881594422521157
06183631644118867800
07497732174364423676
01525654351023305762
04664383926541286232
10750673532023430449
07773174771804065750
09675328784092238803
13671168933719196559
04619294140759674132
09657156708317909562
07138132470991145581
01448850340799331664
10631657456402672577
09109217191766263266
06096913591585478047
09903320712345380293
04557091698761422662
09193376322206627441
14648752250634145424
08220997307071732198
13857505872060681981
08728587735818641196
09377602018357040150
09554744834769161804
13336818259317190861
15555775483125982359
17144630921364101816
08366874432244449397
16589960760422014579
13186688215325197322
12820028387382448315
10434879054417791713
01567992150470118394
04779416228444483799
01543241171519603604
01627125730797293888
05899761008387698573
13172861904794721245
13103695422501490448
17577890457648107022
02896822665039698030
05024013724965800540
11965939767735832046
02726653474235014934
17308005433137644248
00782646833992913143
13995327088011474295
18386118952820686464
04334001176444189062
13759523835382964006
08281691718610408338
14083964645419269430
04316835841146220117
17605930793016454391
07571536481331068170
00339188960009386868
13683104259731329867
07555406124499931507
16869297925349257892
14785816750945524789
03162269922382025062
06621841112178292726
15115683209334229419
05245331149291529096
08401480670002971713
07770824261953319651
10581206239461565243
08155997040354669075
09484984504688352890
13986873047297318239
06419288492915847258
02128020998270293012
15050628735062031636
05140520200691825729
05266309992908240201
13333303627959294210
15890937146442567447
02042322783522307033
05240046175024238206
05467373474246666383
04324366223093579545
02395401995408602057
07296549455511782396
09145657106337805039
14723271916470622670
06167729157554797927
03076474256829053094
04550102122491596546
11161344553470603541
11478014228523217261
12611387368830845040
17495599058918572098
12483259278371795751
07761902412606530709
18121919121129160362
11564076008367270501
16116172873605759685
03541157234102949742
14426562606024803590
09178616392809102027
10937618556364414962
16594381762753327701
00290463185923825334
09833540010884986214
06487227349983060613
00705376257100355366
01697974529444639913
15142744191066369211
01353160439210065550
06968978555664551636
03034029752081222743
12880799339281940115
17813496888424486149
07755038267099328187
12501638256375874836
08850992397238895945
04234561604114197649
16607492280052622106
00759752386006544888
04972466058976242063
02635215716505999067
13832585002314009484
09678305785213623920
11592807775237569876
02667318817474533053
00385273278008390286
11629516307943413644
04430862191170358203
14608343599520717780
06806044344799304676
13374048438108516955
10572843620181918074
04587824385026363052
11679516402269596916
02769636405092971249
14091042178026350647
03079254849322492329
07857289246905621049
06847671840927865460
16004089960425282436
11238131199556621539
05874245348846963602
02108774170863795317
17759052101167023349
09721450910890391228
08596921824369843253
08231094575345603971
00400164267712198933
15909930344501797561
16492902016832956270
11066505249052018470
09731660007378048209
05209448752014705087
07550069194233181629
09194793411980488227
07762957681385695615
03173421411056401920
14907844705959834535
06110391204527236430
02140982267203681203
02092621074874388359
11255812623064186849
07400904349487913515
06818324347907237345
09677896303029500658
00320331615292691395
17341503386833648604
00118891611438437132
14610924056192549551
11373189486459103710
01152806224167236733
13252486560182429514
08296931280836902850
11850429866995833031
06019496393267736367
04653945185193777508
07381901037744436022
09688787784781782013
03463977690022853476
00940188039750907225
15831605222983036157
11392183457403542215
15639747979425530971
07842532530534666632
07297089932062873414
14533478362659194933
08297608468825180058
07439340188388497708
07459982201078951453
06067880902175309686
11008511044091717062
05583585733013482593
12881657627399453771
01434179368679993742
00140425797856121814
00074691677451858519
07591118102700764038
15455820507228891105
14096003358782896111
04797162677226788683
06097623916877612297
13360614723525211392
09404001403856433745
07046194963522836100
04193976448290870535
07540883787040757131
14754788624445457406
04665154429465796606
15961955303027842116
02097117206567658391
05026000026363630320
01329096881314546426
06626693801287271186
13702076655012232532
14732113388956188602
10859315991238734874
04901483967696320231
13308715713099054892
05003716429918084133
09978500515723632249
10124879747460289062
17953855727879514263
13902658180525939175
12336696765047196441
01670020007820333102
13221690252347455976
01358277755208399661
10257583128047390456
15703255655898305400
10487196656649428475
08815953482097791999
13962711197834263449
11429989038541616860
08366496146894937926
17794271447380458050
07147695527338581082
00877190581162081914
02075334492828646897
11027431068243607406
13152968838559470936
15057032726127292965
02948482436885804981
11536544722902498133
00693451991184422110
01714096428160874054
11403193766364307877
10018386800312380950
01746688723783815676
00076215077779480318
17578342073031282574
00625599018688404892
17929781442405544699
14392396557603792262
14840850203097649754
18330724941992075501
00404091859474263278
16218737116173664171
11995349200660796733
04006987319632749537
17654003385251630184
17798906335156707241
06209401171934512566
09789821834312818379
07454891095090161884
16583072395119384027
13194705991949592091
08905201117988907451
16419323821189698996
00152093977733468436
09408604671044744808
08459398947438181500
17396857125526901661
09344555029727436365
05853001609208628488
12664112508022531570
06802256269051468487
05885105499352549146
10059384241432634601
09969501202934705703
13194401759426104045
06335042563229528668
16143413535202435394
04423282748547674237
14035619175826002384
05123737329956362011
15992412387205668454
08064315097242582667
10952686955019292460
15393002985154520053
03231018427010799035
03243946084888464584
01897189205664535134
02345135565460560874
07130148478382715100
12474095703748957320
17010728789670681695
16011647459718248734
01510862001347271563
12148725386339112160
09576245846088789452
07977114116684736900
07377947754730385386
17772295808321728257
03752556420848437378
17251264735139602934
04266268359623234369
17155764314288509717
15190304154088091927
00449734769987727298
06909014653787944963
09998194998619214306
16814517811778527677
05305173763826045366
05119554120485176143
14515561047493995130
16509156371315423508
01237417174725505646
03815582880175403566
11824528311090300601
15767428487787941420
11561831398820126401
00781003500215084888
06328812780655472298
08749330404730089335
15575724691589974412
08805876776029673968
01176491930745458370
13909889997027459662
07964178450018510659
04899192761998017793
06396263986149326304
09018154767819805734
02051223605411635522
16547451333182149854
01478852590846521242
12742469048245973970
08074109575767888098
18211478036085755575
12583350277044218996
11877641599386226146
02855682423204555060
00673894842829112272
18111100389394646007
12335287192027764527
17653905584252731761
11957674609580697736
01587493233837069603
06775367318359447950
08528575040580459818
09753270795067501865
07171738108433750918
10950092413294586286
01932048535881608577
17020425062693520708
15154544080728437718
02427260988998302086
12122433058537032561
06569977407483303576
03253765559656999601
05666409804264178812
00762378004315973186
10598322007245136252
08990956580862103796
06155780759228279428
14462377996032741942
05464119661075845902
02962803540185919174
11641570440167406331
15097168233791511024
09381576184734480039
03834910353583324294
14938358750630958626
17612273973298350755
13313817419447724497
10350607916984380635
05110943633837103534
16394768886271643857
17711842147262307964
02727964755495074854
09869092382307852010
13233262558663776160
12969166468047270585
03245908712808605371
06633822994019918270
15077031470226548619
08718088914217354415
11696253874779531207
15014292849051113678
02194154695017295983
02578209251677355789
06417120181736886392
17208205726734658646
16620937570961129419
04801192776488939923
07321900266292526331
13888484082008613039
15672876619172724369
10655885301395566480
04129229766392765083
05949539273395803546
14760888171509854381
05353536665501251649
18216472796356911307
00221664314989888070
01966987836462207361
04995799420932877842
10017769020057528249
09208447393828618272
15538301262515812084
07392319493299568600
12818193951248303023
10617605057062920050
08125353747566840031
11251675040781009977
15031107210924932353
17358990794058020089
04284466352258371174
11642844819577136082
04453686164823556275
05276535293193010900
03144385285988926559
08314722134734615100
14422568811280205295
01762659559302415036
17498061209214083958
17519514578850247363
08731200879378929852
10041730745732419208
11115289037355796267
08536501048002937059
00205168805615411082
03921390428442504452
10847506505880397760
06809086844491067945
12727308302322901735
13267998423900341643
16897118046480701403
00230952109579878525
06994527400151842683
01165930818041007226
14011659067684856166
12676554423466863751
00775449102883639585
11352057925461140077
05000289581809378298
09150746866524802996
15449990240293658557
03451137788141368536
05754641951699799540
16362972470900511516
13605376903599826933
04713549050981849383
14195780213713088556
10193914214351265745
13487773399696523785
05269042062872771377
01186972068410225133
12806239251617990337
12278478885339658794
03313165448606310028
00896603172258739365
01160547620775806761
11227894871214534149
12836635115368181253
11522698495547209060
14116854568275911017
01255035943427556739
17892018301288741735
11952941371966493862
03621976002667870167
00761102392304531779
11745668367136818494
01735881441428260779
12514131662934014991
17175991012313069393
09767508567625905269
08941794958347660407
09632501554333644938
16168709811836713042
07113322971859578521
13316742105809346771
11999186102769940137
09491175897997785012
14640504024179511796
15398178202327348915
10499681204262855451
05543558706328128316
13080504554041954513
14498532673743713250
03620915480012799615
17769176131165738657
10944397063023587223
17081160957347602436
05879761557776966434
17978309670463569134
14761010021779616890
16923737865191261408
00548467586235381815
11794347268141862883
05331033529041966981
17220314035651955467
16402908349034582023
07735912827029826250
09073511462163587151
00016267722106539879
02734264455930210057
01349349440381793420
18156019422454703764
13952383327879264064
12748858312020681799
12546679921690979578
00767431805450657178
01870863014621620983
05731269665691059340
13509476498427373652
10895331755588205082
03358420136406120999
12075660665047181027
04651531366411712359
02589327631773204468
00438917252184191758
12355513499860051679
16552002695314322593
00039911318006317073
05518426017157743221
02938307169239950264
00364761329321996828
10026314438330072678
16138734649057227711
12367825526092036762
06969595486957917649
05402444454628444058
07853202773367017094
04012170082401536997
03116343339675196761
15118634284261396158
01271485760201532635
09356994187734854901
11470270758952728214
00031240117965176232
10133036120258665129
09407694130605077030
10328607786461305230
02816400513003494403
05088110688551300893
00117655915220083503
13235966266378409251
13128198437091673959
08424270788298457990
11350248505626062600
17986380285824996821
06351470020370044094
10768644499461940873
08473699061860856275
02174906159204505172
16038623664210257852
13535299953295945011
06940478515793833734
05110392950587787928
06560760900581036276
13850475933142840738
00806035811846936228
15737685996030317442
14346243544638420821
00598777903277102217
00081216244177171733
13642085398454515362
17704779440170987881
14356388933268608723
07779932752718469847
09945928791695109098
17499055857522597662
17233840786275251753
06691020404948713246
06810131164195288851
08962476648442387324
08147012051292413104
08962533810014167184
11164668101108410953
14246767784414129843
18384124332200155232
16647582620814747261
03330327486973811125
06709861198594081577
03024952968228057587
11725250670032150875
04209784422561485168
06995755764571286833
01271256869777673933
11973445312059217530
16749954857049987637
05266171724804910355
07337221854813913734
09343296415965034010
03024212026094236308
00124382133042116390
09516153164251471831
05900958822256987774
16194656620624893681
13666281346692743390
02045238313436408650
00922136804454665348
05867766798927943124
05705146369089232292
07170581342386111080
09107862990780946041
17686527003559527453
12336122935285386318
07903020516528537835
09986353872473434487
02236891761123212041
16736796552133422066
10727188667871409067
17714849616204597483
04622054798911782227
06371907953834760444
09819844079747131772
10498957749939411855
16926038742392288385
11092074392661121351
08681152495364986998
16752836137533816293
00162471680047397806
17123339901433659303
17651859511581246939
13756105331187803615
16990445714324181310
01373061260229291066
16709495622795281204
02778910042063589723
04087198032501814824
06086096806837826316
01230956584419610797
02995270259761704832
15012923157221972377
08476083826861858074
18149149577299765555
11445456149555812548
10295339468141172143
03000901707998717046
06448475828042162210
13530037855221424527
11316695160904392473
12537439117042771884
09314112881901155301
17437572464283003807
09815799861728162268
03116185374108750294
01379447346339155216
13371815725466432532
14962810825181633372
09611405233713395063
00574917231591402266
15714318803761799473
04947358328713207467
12641478312642554091
05314765683338394301
07900471117604182012
06003134280848621940
05891268429219615127
12116616043546899876
14204153818258454807
03204192976339082335
18078755126611830277
06432452160099640394
00593251148489420606
13810155791257921188
06019990490296390636
14201289719441656788
17133343138318470268
08539123720673726075
12985204960596837730
18009178908951349497
16836211996774409800
00625976466241434510
06549305835557899105
15651910964366542677
15299544271958349224
14579211673077126869
17706687045605206854
01128769437417556463
08387789573953112342
02013843129467515210
01861639735660528233
03728552910764398839
01222138212045683737
01059821646898767858
04015193146407067426
11255854056249031306
17119463653225984004
07240494824963829964
15148845226801047599
10405058904822952406
09794939000636728128
06388292877184332161
14581257131508136662
14269104743848983038
16471068510981464369
07366358701961399761
12320038266667053862
15962250143721006063
15009370419122754344
08101213793373276141
04080947672544109963
11124895344687526385
13691003125496484573
06526699422992660178
14076397271620781110
16657687677812842651
09815266314933710453
02731971943127910549
02323199702709703297
01355631787902350235
01651443838018528044
13767151238672937886
01474721683295313740
05516051596015491624
10791808852144142005
07148720214670812255
14611486840407880311
16995413037582377069
12220320010382293644
06542643123516486848
03542799398828410758
03044315871287731261
01053834889144076513
08736788593882429699
14034363502517487669
05410114087024650195
06264052665688903007
07909361162632799564
07964692311298870931
17266748304754246560
03848753906480675910
02385608119685065939
02955197131279605605
07642236069670000199
05969762645180018216
03061878466993173747
08300540069291807752
01116879776444552750
03991790414526191913
13959907722030819103
17771039053069192976
00551321688159970230
10015267708130427786
10933022924924349381
11402745532175802893
13926101916140983221
15348571166609626219
11787478193292041479
14868935757542208164
01602597212322811834
07419797888716924449
02182186919758448352
11523875133518547303
15870163340135708818
03802164097372786208
05143330577278806057
07936200846951647144
08864906378139098850
16001606423336625213
09735101206916853246
01862341634028299157
02447554052037084704
13397270477244528402
15576726759600836564
07083837702519358712
11324541598202927995
16208665311585112889
06649350923463312453
06330336166850341704
13023748507595830261
09087771437400141985
05773033164898799238
00109249337995255807
02866982896828284177
12632515092288829715
04641682777465427425
02888664950102338971
08899956737153786470
18186912076651419045
09542892274685976651
10767479797070367522
09661282327654843896
04199122244673698770
15121630718760277257
05696301083737812953
16772882684096084865
11050407386250672086
11269019901966939728
03835455330132074594
09539410121933359712
04131115133998902115
13590052205399290148
01714032279411269582
02893938798154603068
10537844221409556398
05638943977247212872
08341757287966924879
04481585395448914088
17376075556637019991
16969694292623639298
14829352226175930793
09153388298799656289
14136490954987230746
15531343399439671996
08305973380599312292
00415090860238634506
05988707581026320225
12778589155623894935
12083767376261080921
17996941029256897781
09553975584731156347
09527988421694749369
07630725767654299426
14208708418060755844
10365712832465366441
12999711964765388043
17529485650365050780
06134113701060536686
07416003734691289715
02272869633662914764
09651563319136505382
03298657789265756171
05080051777595093023
15360644154590357235
02837761122295720642
10265478435137942865
13426191835781543195
14838799290187414893
06039005676757706746
09715461492105916656
00596227620469959644
15322594972484166459
08115069827123781422
14700202249714115035
12396302826544370980
02494343844616017336
02566947419412691359
05501416776448375919
07349999000606474234
09781765674756343339
11652330867515965626
12498163598711112045
01840001662364913733
03965466155020780368
18319613108302108594
01304162560328243370
04600932487187706577
13423561673786687108
11814289815463377494
09864519710406828944
12653360631673213732
16823708567097260072
01202297912704527057
11408388558596855689
15418277165390832601
13671220962307769957
08721769467745234839
02633062905937019110
15148355089963862748
15310494296343168257
09120858313546892329
16428816285080444582
00126122976883561184
11097734056364547817
05875405703349919803
16827291240351555418
10325614588606486207
08242231299654544036
11150561632894383890
13293382729682474753
05120570991741269032
13430581013429077899
12156111122716126962
07552545703304704717
04607354185885633492
00175381181596818571
08672023213240846288
03924637510553873507
12586819508571567407
06617774699947570407
00227255441881445299
03414873492074516573
04661011976490752698
11770537524773915534
02077361710594554568
18218682161480785761
07845607681240688272
10748396654276383188
16073170671987587973
05305009365802117693
16628411117059260061
02929602122376861611
10733057264780296902
07482203984063330894
00947844555373775013
03980571697784945428
01777536965208140646
01859440407310857103
08111429369088672814
00253368089290371685
07299154879335286773
06028038988309100324
17106118276143401132
01084056278590805315
13323910948165493152
01669629148280312664
18180794544328374512
13608685482761377704
16651837841959572201
02295459462630821073
16663072359956197080
14557572227655320443
01179465232740041319
02780588639616670392
14627244552217997256
06699376633617289305
02703464258887180039
10415264261862126973
00372571833799509896
16548042472504167448
06650545739863343418
02059809639318745133
01062821622607395473
09572596862828393315
18317161577800449217
04224727491498967050
17518449196637938755
16311040860535445969
16498062733013940496
07457363036118476308
05547736553932488625
04589188522328688733
02478282145065960088
01180407122280415729
14905713691120066136
10302975247158624144
10940305247585926543
11876306197567040290
16673732475138763376
11007992527545183697
02266461061245707098
11703312079950539333
14512624714658328166
13037528862917718841
15226209591300481694
15213073317852806071
05835915555095267459
13934572355964225477
07141109827837150730
15097767400184113307
01342157684684932255
04700656342064743751
15914494993047237758
05005313737878331463
12788529088143063295
15632546000251879880
18033881250146262704
05033272830080933236
15987595189209454553
04930749292005946496
10238748680338475327
15970441096511931444
13415013588850868176
09262403453936734341
09543630052480201486
05915543250683734882
02403539615167278571
14248648007454089239
13441670610710116704
08594881016958638276
07655922151427656925
06403740989633718349
01397464553210358577
10877376084240380805
00007964015443693863
04144354455998029979
08941677040980127727
18043130720216772997
11339608408985826312
02511012043705692573
11303425217217400068
14535317714368725282
11216473721743492709
05405356247740356233
03599535078227243602
08717451628741564816
04931333266733909076
17532569021413430471
15871150600328738473
15283507146817672140
01490002234591682104
08414199671117388729
00138907149411867608
02951828633334077351
01728195582102696630
00919912149718084202
07773056920975233203
11358108662713952787
10920726438670902734
05985190564027015605
12180558235010212092
16109756050351933475
16633854244200785203
13707387040186615391
17748719520799612331
07778322267420308068
15693565619313038991
01363734055272239975
05504795009975720698
03831429861803323506
07712683957675748601
12074016297306426698
08172076487072715535
07263917567069347549
02024454568852110867
14918770400512267443
00569823155092481809
01854842829971400097
13333436804391548030
01872980238157948869
00919513153360135400
01946747276801230216
15969023136545148247
02167098280903270600
05972921412651281169
18066988683681814458
06720878347150442132
13686820515656064185
13004984425610874084
10116368633006975966
10814194711113702380
16841170570704324309
09636664769596791686
02144151097028373122
05597019613180376932
16770421405177461894
13743078113769461154
01713570518517416005
17359349510643776084
10705524413008876343
17407860255650670324
16274344356043085892
07296295627839896689
09747888906473781052
02954956021904495792
00359873109864861112
12122685932345918210
01438342697820131186
10352319687548910859
15993608521867082251
12783060526806894542
00675858989299613066
18122282302719881474
01181840102776754219
11417072758866542630
13629707919487522207
16092878890817559330
03501436802322096884
11244908830691191899
08267303901703604509
13307603520093201200
17131560633965772957
03637743875799514763
04173379658603066462
07189311042360251083
05968332936526568263
08750403385858722582
08948974478422828997
08597230244038114087
15511803739732013174
12208494571745499147
00726996191335252984
08473367338711257773
00734593101931039494
00445845928054351697
00786859436334215655
04467951262434539494
10163259453044322349
09490908525132053032
02192922100593110395
16243112105369273774
16963919722139031132
04547742993196538618
12766213989115973718
09755873944498789978
12449941300199527186
04468707139638342328
17250164183003831408
05768630240942973435
04562068481480045796
04064670325468429014
07656496490192997403
15799973401514779822
11201756716402931315
07551083316050284283
06382722821440069259
05817554460930432252
06751402849719832375
06743595147957485366
15936158851239013635
17270887335985738607
01108917518060603398
09488998443635263229
13970204020521140895
01284323229839920268
15890915060157743320
02406678349283836281
05611910079285429479
10161151635355794018
14308374363929002308
13391868469719683273
17102976248239583913
10998921682284632160
14523772807150799946
02359158623555122058
17041895905257709915
09025701614237323238
01772417378551560512
00680173016353166564
11206040912879428041
08161872706820367938
14289839975901939870
14417357088291683038
17835043844641352198
13429821932584954256
02801661360450244601
05573698190987912275
14068740721962422602
15375342102410763242
05984740505580708921
07190469589585661601
04021765186037909987
01851482279903391649
16589311833587211258
07302428328326901917
02618123454213238867
18104547072171503418
00833176515361738415
15041203381205317361
10085308941163242251
13083960875371168558
17545972456619384542
16099657850022963499
12703862063042700952
10395131046670128143
10333333782438641343
07017856763377419735
02010717127605779870
00773956830189853316
06923759275222619848
16094042648147540595
10875958312349236206
10513667235706829449
17984636054092360847
00037089840451084833
07578457382414148501
05897102736490339897
00835119554150463422
08135249117284147381
17055687653883018850
03303268454104449480
11946725968949740424
00809681075409805058
09186389744930115453
12461155546908173516
03188405470836867329
13346771865979661207
03046592302849684568
08375535932703886402
11689985629445066125
16435752060083983930
14697689541404233525
12895230389090796692
09104000572886247508
03730345387531903991
18068946626539044722
12638167072847493381
00840098059605138111
15312105571226978286
06419441323315390957
07464399391617582365
15728290190539912729
07716646650416724141
15291749888767144099
02644672903724268318
10267495500720828815
05413631218044262188
04228354996891701656
07648747104558648983
11429093093406983891
10576463673608815320
15885616693364848219
00925771338975719227
00086572789031575751
11442673049661673081
03283709694095186211
07912233278575211735
15666591768107170651
16646983089523782229
03676119706300781996
01825574388804767207
04975856253417303270
17476257983381551614
07500948567984962843
07499218146795682822
09536556589158050989
00127976897307568512
15837017882816152007
07823169937959854133
09087366585969630726
11881313580190532248
13011793002354113787
03084490722808398181
15677508290932775909
15091112444304428151
14838961124541087197
05908047678368935446
03412614827596008822
15372941112976068933
08419546526435575328
14358719249257664583
12673188278714285368
07409612665890901333
03428815201022232824
04494559888825456877
09745450111209173224
09427740281642127631
13672914085978653974
05827154469896493896
00868101692212484707
08414158837316578881
04456421551379798031
00129864790239173202
08734209556840247558
10657670883669556653
10735577559662503411
02221539439846773297
12952058090524706636
02217431208254868787
17540607019314970555
01964803014161207303
13041275284220825310
09180490609371368306
03343410802526024287
15630466976247829908
05627508271915083159
10941154010877600890
00152927367441994978
16049632850870551049
12887250919398102190
08910201146987890150
15312441786050009908
16585020180870882816
16170377400931565567
13134018334615112370
00256454564180233592
04267745965048876511
03770296107853235111
02034892206903899093
00380826483198410421
14083262652723963968
10356651699870110181
05717775963442461287
17327552176976902967
09211929877293902532
18117750714353234438
06687393093457693501
06955171881258066349
02108487133425366601
04626236910187682169
09477493903384693235
04523225197323119337
15247370599391932427
13159719766511440312
03172892609030375641
14393644108354616844
15198064653199352201
04037305379591221982
03472883596956816991
08558490296731043375
10288683511578536196
03035262603542613028
00746037008638579156
02228688899718467664
16898449902846075833
16105512717395146151
02489414872232389292
11915691169854267395
08317218256833381802
04877246524070603504
16896439852460868430
00241568784195311276
06646907180362003478
01513837081778488540
07335332547867566933
03614445036449511073
06044459246206247643
17579292877899122486
17852847467350579650
11201065897103612481
07388099535508470933
11808186260749594197
03290378369417798211
04332806450245815603
14886342472285546577
03644155101202973021
01603005183142421929
13931692512412676515
01348600935086632679
02593155939300879453
15003594526730717352
17093478795668317790
14366415429328332840
06968308344260487999
15130087320511858340
01926910371126717404
13986572832810758906
14875894698184513705
11371677790932183954
15063600436865671988
05366211352576256191
07811674971275367284
10998494773023827397
15294841414390307259
08849630386310130272
16644452818961292674
05166038675743837692
01457890560718223208
12240710533348877074
09586194818148540751
10454839669631972742
00619717054840209088
00931660510134765614
15397109568016552401
13815875952382633770
07964501671722739796
15947009453901625034
02774374145675679376
12665875007166366895
16626460393785404028
12709634029923138596
15869504142436907645
02419017363235320581
10479630624324292589
02760873861845543958
14206600017885192971
10718640246721348870
15822198705740790956
15286656120403365190
16975048486642087126
17634169211784072420
15959729388504664664
16616815639078924773
13313493030862029176
17612769574821313672
08500317637790109485
09608589598259508093
02434142474370613596
03751249393450597739
15783493016240355196
02573419801543943889
01722437355267521383
12116002706127001599
10737857137913106093
00702046924874352471
03745633582578450353
06191229647561874900
10733623323292755226
17795484029022654190
06884960557559328397
04968094478318633890
12290530187203692557
11324190278552420493
07605030308065063310
17035595016337031026
02847869562124407776
07963756194872656253
11651609352248071465
07298416068386761014
02202245361735962451
09534623988504980882
10647337776086114326
16561119490352333452
12668567159429043729
08357033694415959584
11144007276471353789
00791364456721007620
13184650046377172454
07682611681175232355
07593114958081712141
00127731348131859206
11843787260249231496
01311967370440912940
02394559661360708286
14299249785252244683
11677994214348907337
17983461091506106508
12446795566822812312
11872618080706473518
08904420421228515718
00258773596559188315
16165041598209212271
16282513380859382998
11423869352128757390
05814665804163864335
17199602991937793676
03603036823135505025
16907843061059799927
04269258483257596338
16186807140741011977
16616406540021054008
06600041558695726489
16875199798572363202
17323268415316454666
16691293528918156654
16443458724847891600
03760566248806230693
11338464175233311237
04009479693819148752
12317162733083168675
04313781041441478829
06052957063970170807
09300839791503274068
01769393821373355650
09298916162047859677
05786275575334534522
04893551735053132202
08938463053968858957
14886879099037234531
14968051369859770490
12825820962205258723
15392363187937527700
15780430443661910493
15422423393212667091
15765109751289900933
07542407507698654988
03169348353470240995
14733294326263876781
05800650352008256629
03730339343970881384
08440143703155397797
18249796567583940034
09292304728107380282
04101885433696512761
00765761222521340564
04791530096076584413
01894893345951346074
02763767647459868899
13541533633181537751
17627963683438275693
02242747835646254950
12121008102317754454
10915810817043539456
03778851794826237386
03440046242493700684
04731061803210757134
08919637385091197692
15889841430767926549
12505718535131424315
05235628338170822384
01577813322763870323
14282155142890620083
01103298749338897417
06150691199063138875
02372578121873495295
11232739722419306668
11044380068756628960
10005414702280996564
14520933193892168227
11890750650181240578
16271234205458494145
15323635033362194581
01907706363460197670
09056773683196959171
09129345697651424741
14444401739226582776
02313156457955344694
11624760437591641906
11752072967140886380
04054021223459169888
17355330359313856809
01498402896820879318
00690804776417969106
11591229963597911264
06834323206494954559
07317430158216802324
12299351754202194596
06295853632406236722
17723174269664736070
08361210631670601148
00827028191476335685
11500434470836088302
00076054940299073715
15782493631050494204
05639670681671962087
17566631238515532876
06564882423690235107
04942579651092017852
04297417238474747011
03624056286490347206
07085165194574602660
13206976706779716652
12177018524453098672
08772437228146714905
08226577975277246612
13165023848110238024
16500130935794375832
10209654888607689821
16587642664106279699
03336525714736878930
02464531593695674961
13675195134617233700
16390577762228101371
05480477179597857898
04384456653297768381
15027966366963250765
05756989839346747765
16161989970733356777
05303093371478579556
15026653694380544677
04927187907765335696
02629796916653967362
00145754099535036632
07991779456316589579
15247504964923045946
07795572486096690995
01104799568176009793
01465992207176729251
14048687237864064140
17312958130290301504
09739871003369438586
03943986685226384860
05515418713374178000
14580046855524933556
04851789763247630288
03971819837843549523
12025564804877743102
09248955133622527195
11308961959978009010
13508877591474883502
14441242392056146995
03466531093052640696
13048888296787546646
06266891463669170921
02847491454552264114
15241928163150320972
08021510977568432333
12379765491282076511
14563797016378235457
02058884070010867650
13432892967882048654
10502015733970386358
13663861787121904360
08891686024862586205
00282215439159307993
10759548502645345809
17949499846073039359
12215489969653208563
06218280503153730014
16671612596867936055
17616627664377393559
12178545352952469335
00207104685905642281
08570933239784422081
15810239692800861747
13922448522027341098
04040222497209119332
15162185138202781977
15042693495529250553
03564682050329974247
18328060725897355563
00610801655992788650
05876152401073003985
13400462275836341453
08579289237418276050
03751289859077155755
06565974361755808634
04019877753831546112
09791374829443385393
07922732855110396629
18114290602210573014
00182615903581496945
00640364711679701821
06933419196607971367
16913173199380167691
18387443075504724689
10619367148632503789
04514637604144070749
15625564946207325383
15948720477730424293
16151741997525910285
11635715720588342600
12874179909524873267
15183200454033260773
09643706874317533057
10718000020861953794
04317264030751881990
05987997013472953477
06524021491713845679
12516286039604977472
12282661359290406604
14523219778846700942
06247153933899959475
00527508152681001550
17326750261753101466
04991396402763633250
02783118827174789430
01677082592547625896
11377225295640352686
07876709526583468392
06366531649388113443
15982264006723456089
07042010393467202483
14885440460657218203
14080227235391254230
06701031364213846949
17360618174945874825
11227832226048623713
11633725565004910739
16046855879298641123
04619053165726143178
13558067963657048321
11460309122927298257
14022110584290006533
05520111303549750325
18059871539519010472
13220355017245691192
05528734852777537036
09613310510977960012
15542535831421055996
03895881355302690859
12458794258467302544
03242692294255896792
07061613316677199639
11765892891426005493
17433585757440692214
16826131243118540734
09528922166644781857
16663851986584795273
11586458575992454143
05573871318254194646
15691138855444558256
18367155594313449911
01091568929420840886
05499243385760546946
09577021919047109343
01384839916166994764
11847933315364501222
09653993754668241369
11144346902885801676
01289288867571498935
04800694985655928674
04368453751729442313
09110956030604412968
09959953902876491177
06057119894340174024
01034055514443153348
17319541415868730776
14358557305728920087
15561633956493412765
00664697319521250426
05709211383700299912
01804518938677589320
08644532975531218401
03635699992433221730
16063652728703527837
08613289498400395635
12923928120339017410
01083557984232609199
16153336365977117886
06863786297624171889
01412978826818896680
03545748893415193536
07895083296506509428
14783788054771633963
13799009928774666212
02524434051120924315
03051803372712353050
16308773125705429342
10903300622572069913
11853791536536988771
00570848628244486976
05288989955107698770
09841210644965344899
15259029228410981709
16235289978942133313
02589435904902237111
17550619851020327404
15721387913675814585
12785278327680071160
13016822672028529014
04450552395647424358
11394888480023537739
05727507372886839793
17884396862809893817
02693434361583878137
12579064475058719809
02014169569773461243
04374908391459629063
01340823789578082873
02543218277993376367
03160540292552102887
09352630745369209344
08496581627562113357
16233019366617803896
11338999524311269037
17956928563757186249
00891717743336981760
03481481613054680514
12988337561161281598
07564077809094829600
02490116771769113289
11930221007965272540
04091180196181524553
09278084549399338281
17089455192290933637
11417869669679693695
16635926484418140330
10978557828655855591
14608342159325777457
05713308678527337951
02644377625090915959
02397589136927526506
01178845662986527172
13005845857514801435
05711768591647829355
03685489422306860728
15862120005564672706
18425349566739968630
09072103619785113967
08269615593978546612
05330741957315002012
10698920920641371921
11228636941831614551
00450963692900535543
08737133185591029592
02080675106957743480
15949633222546348852
12452714381019165971
12237616289944951700
00922499625427229903
01299678573367416284
12120703118281165185
05982077813520983588
17047626417232675703
14991709154196822328
17462600702455085471
07809661466102224279
15625719605745973889
12177243336712926867
11619190801857748515
06792974382313720481
15236117102069986592
03063352131112830435
11157361810425420897
17016361129318160244
04870155012763553291
15602846633736476865
10682660772821499872
05767317168871287529
13088421337283018811
01411611255639514186
12531639065019550637
03011490091194628570
04151889239846718980
14303580811647261766
05352048739149324894
02852359664611876083
16363603335060953840
05109404727967904294
02093417459770309184
12148133363217910428
07890893484212188657
05940206422976998054
16928628047103384107
11218991436464990212
11170556550994859767
01258101859107039629
04134025428042656315
08923548982670009672
02253341152286365864
15826244134444449609
07325120366290714566
11724088035709067226
08360244045843776054
08978628774994917989
05535048021152709537
10431517982489599611
16767093341076643202
07733545991148124982
03884400856770835084
11712584079444451723
16065742876249056811
01322790112772949905
12618765509971758876
03682196100419695622
07886966801170054409
16596512805223904564
14103818864855760953
02092605358462664515
13545685976328970545
18381541557448557809
00227721668297625326
04216603567465707720
05974276433081432755
09438266222204421605
14788507474694019497
04123436293469855737
11650665595027250471
04604542226713516449
05304927074165021514
04270254952649534536
16926169618799838737
18041854415340115239
13204021220259368571
08163437065462147578
18037993252817933480
04625011833130633035
04492675378800469036
10735573707216338813
02129163926101578002
01835739440314038783
11140398125322376809
17996465593316346182
07776803543394158777
16439272458684693988
13183935864583637365
12243646289978606360
01929865049636477329
00419029900182527810
09009766762798851281
01125285240712091397
10528030660005198164
13045525303632625118
12749999566405344599
14206980130529805458
16978708813634997676
01406996471692738569
08864890714370580180
18366868333039198727
11016136850882830079
02559898285158940875
09664580257283876582
16138656011472798208
12876879188696847693
12799873126512215224
15793006276577381025
08332950549202306460
00241685151128584839
01102828772914404414
02987948805963416197
09475643242309615962
08194273163887099721
10042867372588915560
00822053686477607494
15144439436107892401
01896881181347801173
17917487990562119150
17241360093161234979
10896992759306989097
13573766755367771839
06226877729460432313
15442466093305444009
12118398222270432402
06938312631822339887
02225307238743478834
09090201838377809305
16458628437994597910
17105638350977180151
05798936249011997401
12895559972887221619
05039320310748427926
05814839521558981714
04107184825657382974
14536680084686144877
12954886157334461515
15433728674661817833
03989536325091638704
04255802691425441408
06660431134678629700
07463586624960765430
06743688438101246337
11219087551666952904
16118991330573370183
11226151447249479188
11186371212490148165
06346659592504322879
18303572629311325461
14694288036086071341
13076632602840377087
00665960009209749030
11461389190376571438
16517068901238109662
11637522034155364832
02822422218174381481
08946747670768908892
09276580173421651119
10803330164353038549
01323181891699385252
01918746364222653039
07294544678388680850
13251102836705522031
01055093784321753739
00002498524226934728
02431235550806485795
12352586402437637271
06043769583458455665
10768523875201123048
04058523513234013750
02444706058879189078
06633577333613588403
02474863050357601581
14860634048583100137
16829665040112577818
10617104371907237124
06396455643458739932
15424737002709787185
02618322430125914397
08023187320754808132
14392687474739489695
00520083941891587814
06949913868262816717
07242362036945521557
14256684435387704883
10125208230209758708
11608754061084341742
00355506995989683212
14417169719029628382
08055973343054427619
01346440276316613918
02820871547932690044
01463102011114272334
00794390630729461617
01714854912941882273
07027127399152128836
05344802676216359674
13678218419105678957
05953808655879712478
11248064377990239966
15969832379740667669
18171258762636925216
13455836901871524278
16282999621411204428
03230674435414361157
00228255395818507151
07618593688485859740
01687995076043720432
13910355297490302009
15523101309990510220
08261782244981939394
09563243300238112811
06991092254253896131
10742411489441546673
13837257584100403846
16836124803609147197
18064301904751508734
09572785531198419230
11385617886614548263
12326074969696314371
05516852946062669096
14055897381472156119
15491567727287989090
17439106012311718659
13946971511543065335
14942819719133115577
06449999340880015818
05202930129490032090
09687071554954629491
05953973396102892373
13204959792957371166
07843439357046751167
15735020132168742722
13378945676075740519
11011725254755780149
05658385965264996371
05187847582690892508
13059315126347136144
06263600559284877998
00835616753266308760
08310764620057261109
14841235352439534559
07621036317297368279
13565616665235368439
17941802018386947604
01892568562642112608
17586562806685149902
08477537532125937811
12009183970312126723
14570593617663207265
10197335462192089866
04679301064013201851
10955739174867302460
15153517055451242007
10128570443005666596
09032990165049939343
05695216467796901599
11388472057668982994
11483855373200177676
00458621798351609134
03094437642880187794
10262260910815093677
13687175876123205157
06556006088321676608
17279741406839600589
04728098364671859734
06883589754423149671
07624161743797849843
17140360675415949639
07087312631759239076
04008425736379889334
14387811985365983619
02455400422432178026
17841725339369092121
13171455050637302391
03406175317111209859
03685802257185400341
15093230930507958480
01261345518896202376
14529530037588182034
07257855518988138725
00271079469825776683
11852489389904248824
15503669503292255882
00487774267504209685
16609701773242329405
01873483336378597846
00796034152711609715
10719069222624646981
01357272211684150527
13538815594430993470
08476420285468481812
03398219760228186506
02723764513820187795
12083745715488332926
11793817407939257335
01320794262412088942
07520217060057475601
06320516947949050141
05990286641685407024
14231947861883232837
14835576364081425098
12713361112306287301
14970925315738625689
05187326522617338485
06599350278945015992
10042557167174392759
15933875709178945063
12805331379278906113
16676630536262372096
05474563691749306527
12782801710552680400
00294060716963000863
07807341699605386478
11837200686984308760
11768913445262821428
01831504343071777089
07504443485862260362
01591232726278287180
04065133833819258111
16712149694589817957
00987535738184233043
14391337730835830219
01500628147708623651
13420071696014613586
11870731582248452560
07615030862993232856
15196501304880092851
16909559542866427171
01252113517727645222
16890033138781210791
03071470058651620140
00567587037166517835
17622666485844165068
08650867370293573044
09935969980543196455
04979522653668671325
06780759785996584954
00741768852096464721
04721278089616237422
18004303295006943547
03431284139195371267
07797350246771470340
11880555877183580709
10320093448158306392
12133816291214380301
13155632955344743399
08675528323242946855
16353821291624851151
06955282803800726723
01843855780802517494
01894623088551182085
07727243208433439209
01096604829090246744
07942506704169775959
15696327327500017608
03444875499972708070
16894573223290083965
00783121243039270833
02615810191052334875
14779653548289499663
16482694009659716424
18361067308117662189
00894817121609435498
01239268349484713261
00801960479471970579
04596745466397056234
15006050121837756698
16436260897992107031
17499767953611549946
02636465676007526077
16110832044278258694
04384532132124626940
10251041949429525752
18022479562929405735
14399472773593771901
12413217355696342832
11951893226025902758
17914214697835945167
03259878398215652888
11236179357554333116
18173267272261841585
01473329968021366053
02897611601348198463
10068204378122772052
12505962862929609977
00029315133759028844
06252940562075643457
00763303348224619998
03464833255981419448
06999209772889766289
13988317950616858395
08304824911926385561
04948018838201021084
00345638986547822565
12588798875491690646
04933088636126936529
13706081880512848045
02897811622566246971
11669911070201612781
12597520968451114068
10166196809509357360
06398417630542726811
04244183153336482676
11392910951563838228
16368877444738132057
13497938028021548155
11344834632062345000
16080246622947541173
13234880770996601032
08876622079684614363
16245651518822185152
12858912907340670534
00441427512939287955
11702122489243365600
14442324898697283144
05942283379347001421
14348900218899717720
07056836570780004431
11056328651720370850
03195427216797414962
10337908469781925884
15036774345208616975
00826911458819864071
16333832299084786675
03407565144338619091
06569592803316975027
15694034439341673924
13281214991905028514
08895620726716853217
05855643321644740044
15500182810147503730
08914214099410100929
06420393316106291253
10780020541620417456
09523138925603916474
16784143181843739825
17098166612557398935
15039994689816125260
01114770949815379143
15641055405104478438
09980611976857210726
03653650930338671519
06515581547991911271
05864142314189632291
01950782148756279846
06612719741010022957
05203981929973260531
16444079060009569921
03027723842617026369
11070648986798360583
05673507289859180514
09746864026066316688
03085272240558233844
02646037300293181586
00156928765892009332
06347711544441358233
00669911482187367314
11011010244018562800
07139534526703225132
05253434302672734230
17812099978250124542
04796708213673810374
14560311594470179344
15000964106923426281
05027747962682829687
08171343799049313238
08263984036176125087
12197389457183606507
01131041285398327231
17204067927025526284
07597205873977537476
07048431615189399953
15011074138739788042
11894385562438161826
07141664960640265355
14148385680110983786
05228320198062820493
01195046785689969128
01117897628757645151
06776430262959112317
04525811298675327458
10432648639933621625
08441464097196729694
00664337184672546179
00180162559623101886
01323357520138260102
11140288169632525409
03550388753651733894
06697171229631426310
01075580881490359252
14356039109957136205
14646758944282667437
01041114143211741180
15703026383760444328
17140289746813301616
11982704039714154531
03438407581180977984
03239635891967026487
11358294880440701296
07834925584276216137
07260093405805054597
10375754934745899470
16529784930606810964
13394107460543045427
07873148893001511480
06264613775703248034
17615913121097983150
01060765912801815984
04086108628664647398
14248762391471417387
11041025982870504018
14753751869416879911
04276871149507530457
06642851705040476094
15138894957797014845
07082157262363193861
10319002885123044542
13576697681027556401
09603566555694038496
11671280957837830711
07211130471163574099
12540196239036508424
12729247277649235868
02373308978163080684
18332548550410511259
02736504012168947840
07296020962725356459
07793598590552980664
17254275190606861139
16588033284951834692
11612668562639190974
07324304230799218484
06825509863723192629
10471478358379641903
03931798220122442200
02048809210140064880
06220502075581392932
08951876291089463810
00025681730534293745
13252872617858701634
11752341639598408114
01294739995560686548
17114004844906905951
15783506092465405784
00474539100900784708
14917639654664122889
04467779513259648580
12333454586032038800
01546095679612000311
11186271842706507008
01187213432487806489
14646665991879850675
03972342276076319852
09168895849084524902
08283274919418968606
11250151724350187363
15624193564329337680
01475896465557638371
03110650577786213081
08082781604082109373
04812199329142434973
06906431463090862398
01438790265661358038
08882730021038749002
14441406401533697629
11539130644481756130
00372053947356573073
07307276183859488288
07123091348358367992
16727009198789172238
10382082157640278114
17553374219512854434
04518123195031687281
04751207394896270621
06009254720682935356
00504430335244869958
02220887287686186095
18211851241037229503
00429003593930123670
16072192244771206531
11790971513911211246
04733568655661572456
16125530213677349561
09633216898607683007
18096896883250347841
06382482129640311438
13093188800560889738
18356187492172389265
00403762496554259008
10248724734557687668
15855033654010826587
14779192198957951191
12730951530095870792
15667860480998948565
02372495410358794612
09290659121205946148
15118470056173574153
12597689471055252913
10435389108812895282
14300722700671567374
11288222113099950552
02689742513638406604
02853781097211051293
13103652021449378257
05279445915615914502
01186980147556458816
06203091600608908221
15500599351824929423
08964496035834412442
11778262861917050179
06754040777365135071
06192184101818030814
02753472023244311760
06041244679125833486
14868597552291685746
07802358391336039268
14733061705222414490
18248566719235012699
17392390933407259665
11282465089950831831
18083868240066837459
09429655014405725686
01459853771262725914
17894494223785187426
14471747821556982690
02585485061365568593
15965976727838675164
09800269121592085016
15199672014043214808
12044699477169624910
02656681743804147210
10791969806155036759
14682669247247076975
00441341953301777613
07464286407258694230
05554121817277627400
00043719624388981669
10671158056712753202
14377002309799551004
08541391750512937310
13789611387016809263
02330123126001995941
16738662532493218833
09800334105151514125
01407283635377122248
03857618866245079121
01145256804644032970
04799663529481886424
10695455915393772350
16494418166590441785
15354044193506551833
01526534847828368141
14374946449496973880
15326860224937649945
11332313509750111906
04127063943130204344
05689680894880866083
10050001916633822524
11003963882428216191
06628088260204650519
02762764513336582115
16489338780667399249
15659504911359465626
04146204253881035268
05740441694221275904
14793283081264565767
05559067510546756117
15106734771231610583
16270969597847721096
05643002447423098467
16797360063399934435
01467886856692831702
12177004971430497235
15055872383461164188
18074667501243797042
07638600866951182299
00929691808264228587
15128380916122885070
12415977446382014718
02755104202680043661
18399472116280592881
10258648739890003345
02425701088610778449
11256273896900806180
07743031939414339979
12906555713751221906
07591159817153512309
08400198540507339034
18088672943604822093
00029311916326872224
03645679492243254463
15328297286798643437
02154718312010985527
09907079508901428861
12908151539728698912
10571591038302645861
15405758818611307417
03358550361248015925
13605915232565131630
03268500010938398946
15514902561073317987
07343976371065436562
00383306840008303065
11554863453684461912
04827373822032905380
17579263399553951844
13328283175281198000
04836882811926265780
17122966816697392028
06337036460091344439
13046947656412912550
08376842361839743300
15990695034210857852
15810383731766887570
13853375383493009542
05920465175362564215
00951355578609771563
09225829593034196682
04190556473756728001
14558215134337122666
17823335966138700916
01111033698616348125
12442492334228558124
12600087307558867929
03557144829491215760
17240435904761901609
09668981926919096361
16728905989524350027
13701948537476570978
09686989389856023705
06252724615139647476
08077392906606757407
06205034174455963789
05321539914379296110
16611665621488391708
04772729966307247350
03255386858570958572
07297539059956029567
08199107996423506068
01069734360106381395
11772093603768957595
00853918669578837923
04346850892771378017
11001660596607009882
14103617718926260448
04613708794947752556
11363915102324283532
09816752615935043763
06257659130021414175
07399500830826681169
13749343721567869206
03983566832632609181
03986011114794714242
14852899632907304341
04654657070360662682
10041253781993321070
16930544237513720467
16722028109249449404
07067311708013859099
08952488765401864697
16207701929497415598
00191304894479818636
05749306330732346005
08389180707981112663
11123010211373969106
01518388603967469099
09602998466293301451
04480200631449685830
00214751413565804479
07445415241074697758
10988737351329682835
11197396613658638323
03213752292548614025
07031456239962753275
06729027605577860554
03175137922181857130
00419490192562243354
08853746493032373523
11674306358194975163
10112383758018163883
03420872728004222116
16735688963414757166
17363329144994811427
08002651804170924176
11900553080875044995
16134276535260663159
04259114777902684813
02735262540017785076
05291246830868102793
04663684997559086648
14844564438841499730
07298986028066900448
16185652097791048950
03184682446392917262
04071443998619840924
04444322050672313343
04818884438105053628
17990393488317051405
09300615555009257844
15323025706799718843
16765707283011504784
11635990940556855238
05617708327513068954
06308029005764206326
06309835871328317580
11614176085122985011
01758341926188211829
08816005085181928566
00400310451058783204
17249193409812589461
00313251547580724595
16196478856541401158
07968514257520683716
00915570818713284048
03765956205976025414
13013441274948691867
09195625933236516831
18370931913474043571
18415235960119126385
12349608772586634935
09537269278056633702
01807380408823111680
05802516257088413517
04860758259344435196
03599906383861289437
11827941280729581340
09413267647379626656
07711432377120868746
12637065935272908622
08374960944860313981
12762835685172313564
05278389153448190373
10353776202788895575
13745467657703743685
04614029316810837687
15711096449146243622
04381442859808802355
15910925652384575126
04833800068635974258
17589226690761579259
15229489078049270371
12271421223157236671
17871856631940265175
06384653071166830355
00218664189952348046
02914679195558455541
04621990527741248254
02351821564997036119
06901407847885013809
08925714397426096788
17012018605988082163
13916991032272694198
10100118241685497766
15712319383781961878
12151424306784648965
12082508554714677779
08218859235714166938
06151223412705421134
00846637447660284289
05277128807974704834
02386634888398317650
13869032275025471096
04850685786472993777
18135722200256044693
13205058604724432975
09339391357363408312
01267723522146881620
07442507158015943493
17110848765086086015
04643021336659603079
08788814726345191214
03005355385662653429
16013010955380298054
04066051114416957077
04770216926529674590
03577860386078066611
13982005792247035331
07619070152360531049
01023394520762540390
13829972473484512162
12126374394048663859
12724497324218596665
07120170564399090600
12793344069498869506
06480558872777659289
04648245383168750232
18132473777617925519
17642247960035830655
00395635620295192745
05596874656026814121
03955828897948383923
02639732648891179084
15796849883037348252
05593787793494867933
12542160443885064948
01449275394684762868
16996445210176442396
12466662888408954160
16654440695415085286
01909229865065948789
14909012623778597891
01041866356682685879
16067686326618450622
14835212496601709528
01425062261657315116
10716094780710415119
12532415341638933795
04153830606923279091
15476260832346028363
04440509992103799412
02989157229890784865
01148537747742375484
10168761493964928270
00124476902380086647
15843039395646025159
02613047028492918624
01118993607475395779
04431421192492680802
05097839015667474284
12311354017252426073
12793037219916410417
07361544133774698255
08312414839943324714
07038437684565019391
17087071516240669908
11583730001087959366
11093255352119115441
05333747153242287261
08632659597133973542
16245789245083831607
16029613742898147373
04259002417535497961
03800641589918674941
06292828038478082394
14473585680878862882
14572297977807738786
03928314509788659505
03551813232895890980
02397512848265040897
09271806719300035964
09481354047142744200
13503511900673312988
01728456986021206256
11129254741886021632
03151762102536598768
13457217784771111074
11524953836030627247
16787012697833067438
00405941898243086980
08221074333289071633
17608430228436135664
08166447599726495890
15171534682344249149
08609322333385166720
14021396398263246941
01763641734808489515
13593994762973867768
14046491883943986936
08276448102603022860
05757616458147222260
10959089357229861700
12854746163614036675
00552720371733350771
06971689804926622397
10717304096894535166
05050587145337850521
12899468559637859660
17112234243772669028
03986358699456252338
12296460611550819389
15017767696182983041
02876379009417725511
14857494369574825418
16648041139489834269
11546378960589144775
13468140000496415532
09111214204716768995
14946473216460044160
17532643499162764121
01398372502966402191
13239828143860230613
10186102633087155221
03919663577547704698
07480710224429125465
00901586537667084727
05602953482003325214
07896644090809637362
08707191246892702641
00023605696752740690
16310511609390920779
09188638694234637241
16033586556965353538
10213798420462979441
00255048106339772824
15652911222200163454
12252850951259399448
13972966206627140436
07941517683831120238
15231398870239646728
11028912086343181866
09424034915515132358
01905325155013520374
09940798092000783800
13226265415953121868
09658443078468892429
00775963616263635765
07181138146647367339
15545797692967160823
11044887386812726084
10454562551201911210
16580692040785957151
00766537478826010975
05173372589427678404
02935972665090156329
05607673818618966890
05032047245798179586
00769584178831419202
12863525058648445016
09666343128100702742
13195931070511271319
08865833804906910930
11907834258101084454
02553045312305669911
06673763547999337963
05815661791042016705
11473551390317322996
09793406007291780808
13272987805539396669
05056054979393045628
05581565748099850203
07479186749070816476
09296851992035366051
06710477921109897913
12191884361095775883
08847665814134571519
06807819583695707818
04786555611935769025
18243384689731070339
04893242850091075701
04666129295386239402
10133413803630297689
01570186558864241229
11411309031758913466
04008631597134188107
14804292092567293679
00674580075542937642
12474089403715129932
13875015616857461477
10666867173160640778
03486189259152746378
01106959733437163405
02434144255467301519
01157067725623403232
17931505843247779112
13491447530827022207
01722177938550026780
00740233669892894037
08139259544997462502
13534407895864067057
02192346675182941757
16624636044028417059
17404437791155739090
02274014963907919859
14258381962405111146
13018185673473573676
17825036276250063446
12057479413681412205
07764355937041202685
05343861933883501398
15335409600109237591
11851962682745309789
15919767162638632332
14313382472077606028
07996375217488053032
12758558190880121146
14985307791610208862
13173103320186293429
06234476664602482016
02686344001009636532
05360309666451799829
06507172667210259639
13382080223551728355
05733713608455066440
09751055308142307314
09820160637637138266
07452943090145268155
17775360843693020632
18233666660103718255
03287012452626891715
12553997514043729728
06655840484507471067
16261162596781091091
05601013874866339072
13243846588667824032
00841279587215846057
14798328992711457426
10107049053952987029
14666540326199083545
09342938802978269034
00816827878559590689
12852591217935740955
11544599425432588486
13865841294235763257
03217558249716596172
06481962578230706516
05850325917686978482
01268076925163412843
08695177004927245857
14898708131961826645
05430774687670155533
02074220104699073162
14390036087333619302
15223090833893056971
07093727943338554958
10358671771063157418
12023274895854731496
17134693556876268580
18305982274788439439
04679724047757553345
13542004078641553951
15107422233303970469
17007359814201633990
11338998447281054891
13819166194911419908
12959080800300790739
05388966431451689246
10678202710335100317
00498503497260993594
07598751004962184886
04932175624543138526
13313027885480069526
02264156790403125697
00823996665335172286
10475008027992378764
16764456700607401063
14308421552185947777
13597475979973231403
09203752524093439559
01519711777777870579
01034714804067351861
09344644860007785869
11508875406382423476
08963656527388361863
01633397621615246192
00383147764954556000
12911621535666300956
15267091923235957676
02773406601988208646
06728977017811510551
11983833069369683654
11343056450788937361
11058078654750491366
06322347529259704576
16426095881814142632
06117788594087010978
16511662525321510876
01583728594691411487
03881181691566405598
16565820494212919823
14146811519036640712
13543633385738767534
02952456618946003931
17979305993917984812
04597857513870507040
01023419351366592967
10642153601456093468
03133448143236424847
08454689077767342441
08122309867424191715
12938768594110283481
04637269604372586956
15965503136349587270
00759629206537580254
15823024626124513743
08023901501342117998
13810700903623499564
09877581173302007959
14706424070080554303
16659904725154355776
08424587427291304097
17025321148639433117
09307112969012923921
08881473757590121681
16452228407340620588
12291528729490740272
17233964448118668313
05109133447530200368
01498837531316774758
08911172003154184667
10533188004868988890
07124142186042602545
02477326716256907903
11024735387008856655
12537084827227175281
14120478119855165505
12955768401452076339
03453020749931266028
03487583154095830474
12916625199952346912
02231473277868494736
16488141179134323326
03889423586338328014
06460243734535462071
02299762505717670532
14655489860343106103
02395164220698568597
14795374098060676881
06439436732812671329
14617449426745481085
11236212380976081594
04170075299731124387
17760566475648371596
08510898460237343010
11926151098355896389
09832076046542334574
03776507552595310319
02528343113440286569
13824083592050157691
15185212464670666779
10794221562712345663
02575348805409988626
11682406959605937124
14902072499808097107
08550783081487289040
00041390005470158049
15228265565747995884
15341650615855306028
18245194212428819182
05429529220770085138
16084094245383711949
10673797409026730054
06396254766400159577
12438607247346420509
17011502439679942479
15962330152039012330
00781514045207409745
06641758335644419838
13434172820063048580
06520428719881610193
17466909742777838584
02109033123696981629
14628826551731148776
06961125487325597251
10192506842136188647
11890720585021576037
01490147230619886539
16264339946531279211
09214424444767087924
01206133137877680097
01309711370170754672
09657333066609637430
11087946872662194187
09962031017622445034
16371469101559566272
13081156811314049728
11747571260298283817
09476807039396886278
05079063250269304930
13798076739558708914
13259312264198468314
07628618681437727230
07588339033877054161
17996602615567301288
15003040159561459612
16814716605661883093
13256520631760113508
12382975128973994434
14655744733022321809
00430076390856087543
01969015254257444261
04285073085951497824
06825531765581491929
01249363065999888132
04116221300541983906
04483765883788456223
12740054881699703381
01342790793764037039
13407597806892556139
10435888480224491696
13372522178271035228
15866658526096474399
10550801864498175933
07618927119395324923
03696617432978229724
01334921669154065143
18102733157871567220
03276090029623531869
00624661883206435987
01388171166433186912
17742193659280525438
04689865671100724200
14030114556468556290
12832513211293977475
09433717564754927405
01502136024166655077
05174607983683659754
04979612130002496526
13251105305307215997
01026219518169367464
02206062726304000778
06163148284740113065
11924083938228693059
03396261651230636681
09212083647572045020
06080162690431545189
16790767526390845051
06133043917438186285
16457079929199696208
08900267970568454525
02153262036364407512
02986374489218080325
08414480029807114051
11613121771406168975
02412286944457921748
02180667781809127655
01173210067298870035
07098299408116036212
05176663671319108094
14597624051726873145
03478070528186855903
06606506501648745381
02130810002771948858
17813910185955458592
15140092843025638300
15707652873947154657
05300979375031638286
04109945704491311734
01865245366148850511
09398997942733134849
01422664245916115642
02217897608187978508
07749763797312040157
15628353050393408749
17032042211017626839
15314542953280508398
06140865787292766042
03704434114639174768
07113231945072897141
15500220817499350815
04257319629402807863
07474012360868379852
01522487391648453987
11616081471117432394
06917887345648659746
08948372550387744320
10584835041212904831
15126883030583414202
06766259222631156920
14713852307867119070
00433210809570669695
03323646789774843612
09776664431680034100
07140995819804043767
18177737979472536448
12906758221179999991
03497990935642556594
17944541636549172550
17339597799245739214
03246954332816451189
06808646472038570222
02305732488068884075
04133501525693264066
16134184606249127285
17589896853178133189
14508207675514152990
12087730962453686890
15423439448191770130
14717647784874794363
17529822987409988605
09110005971411565788
06317041228897827280
02216157639772008938
06042538809326990304
03902082078352325486
15441995395251938433
08935062613900508924
13046840010099693427
14792378978071708187
17930176108918107102
00353647560460484473
17523367209359934097
08001238256591663326
12844128130061465875
13812809537790254472
05843150611216662885
11667972890677681432
15091174411952244315
00164079523274825647
13723765524478275332
17698282534852857767
09970771287687203733
13302968004745507132
16279348522981453496
15169530078980366018
00069275166932547594
11129284971755226218
01601229136492090769
14005360501052769870
03538123582703635909
16125150420275332615
13524202573977714051
07872887918765273674
05604260673968396858
10636204898026981005
09561837032682000572
08215200331975068324
08692482283046435201
10584872738226127031
11748301914106299810
15759614808704340391
15740617212088030652
15689654638517847497
10242007631635499555
07225551200175791438
16516607103400622843
12961880052490976076
17769928110676801486
13716234628924335062
07158256557757315379
09350569858305178380
03336732364165863818
08231080412663539843
13078783905893632202
03929099266886336229
05273415586886652113
12902544628444592655
09272097055736889218
06485982330951105200
07673919878693263031
05877923045623600547
17431668491657266034
10772487133978853893
17211751999793060142
14923548651827197416
18034044711191977904
02427961433911493483
04431645312842527898
04789801326762320198
09322770545059035938
17475434082711422084
14346359238681898410
00050939259076014636
08546886894730519298
11403496815751594390
17095246442443966824
06596262428958798061
16929637870054688784
12211255905528526963
14028754355687026307
14757028767995738792
08755495540333044649
06832165080329509638
07273292605679698937
15829029044417937395
04472772064650655932
09961593281411558980
09256805055710649392
12554384254133764784
07774703913093398464
02701521350749196474
15304866157868357760
06498463842799038200
08893411191755788365
12439004117871580463
08344611852193845759
09489688716171638240
01833364403622963870
02745643549267194981
02016740798282522242
18189307140480860748
00113426285113562780
00353678694854895590
12341717533493874328
09984619399308237049
01368784387639580719
07812733563361598242
04124826837299659429
03616791333404495486
03837236453953662156
12937923506339449345
14800256824232751476
04150647040918149977
15812361045433505522
01248349889606306708
02509025676097014437
02748373329031893285
17340690672642571797
10898365376699132168
03905575657432323452
13268016158209752267
01112428079412002651
13350775858770093032
02629605318463179456
05422831084096053027
18391837969859037080
16861937176414096772
08201653104534578560
00846099476661441146
07524298495377506757
01728367670199770849
08231609746425487181
03124505367838362061
06422232206014078054
03399511569631090936
08574125578234973966
09794017151841292612
14828644607652651732
11838866554788370662
12636417102800255009
02520499043912187612
02440172487128842533
06190115520289381246
07771279572675457172
13859574137761336277
07573772511896112435
05691473076843765292
00005097777373435161
08654822043206378496
00383153760064043148
16424100032792316801
11644418827338518873
12212932447118766632
10141516892475777652
10331709110950934328
00127724686123434808
17537604411275422870
13055491393923367837
11981371006997174485
01601438045283491056
02140379786357389901
08264173008240518082
16504740018042929945
15035955355181541256
05305038239390743161
09825043534365004284
03608214999857079749
09583328615722465617
09479834712232363858
16164267179043247807
11710420175423938760
11659176812903272400
11358639938929139859
07507207935111668912
12434002503502845678
16749046117833894014
07767018173148563624
17198139821497595297
16548936967956988633
07802433241151260964
05166497718655808057
11497588427177496462
18081002180380911419
14166308681069704784
01893012126041643621
09766089522534956260
03653183309516752771
13603967666402776269
17060772439867887973
15005448789668612738
01417901692612389331
07606478986689122509
15399457890269975067
16971906506207845605
13196977377643363089
11138308939988263988
16135898167386441388
02185811765305579528
11427306996840678056
09155421003639153702
05780967216512023962
08087149523165099172
00491628503735432703
06435585110753512510
15826635030439738234
02576357233752826638
07207302057054923396
11342657495777816649
04088396615583773212
03695256864038143700
06462888736698716096
02438178662100233048
00781467606495728375
18309352445102872596
15311729769949787178
14130590672499623342
05372233446326863031
15157801732804225829
14378739558819255202
15208245578613977549
02344931458727917764
08825737233106341976
05540814525572437621
00203402326094667799
13410359154836392743
16174108480777849010
11480914704729187321
01960226533589693175
12839825433413654965
02821586010104936440
02324945679413323602
13883034991451915474
12245052443174615574
13961398778119918303
05390192020299194577
03787645697310647499
01233481124354331822
10271692607790591082
15377354247817767336
17043181294182474854
11810893355998420905
18321254431369017722
09330970551818088833
05513797140305744500
12145413849329430378
03302692102504559678
06291249810241379071
11385658932679988488
00261548187999064825
02644226406538430008
17603007603260080063
15658685450716456214
05521467441123522874
11374340637739004244
10679004319245816714
05989412652997395710
14442954313519828457
18102783917036759267
13477838306924434513
13995714539872523140
01336709289245155356
12777920662870170757
04853288112647484393
02423178058850020853
11801500497854307087
10358031257965506464
05689741528349815968
10385177880991041950
11566430996079590812
13391533593275788133
07113535266272075740
08239565961472546515
14649644181913059811
09918057965981929472
09449197394490888395
14995391635369860417
16439695007000433668
07499193643188267354
10335716236131740520
01126301071055669628
16387171459665709103
18115805548268322555
16116753515787187300
08170828264552149110
16928067049272444405
00169038912769497062
02906704157891413338
11012418964099333910
14880032942632495303
01682493512525565975
07852180126269110900
14531695968841405507
04998428052387435092
03153313594901937684
04744333396066072256
12540256105688262617
18058069316531984053
15483198041999476602
06802108280640569535
02909483108577939353
04702910833864942513
01913910391569872868
09878253623874117040
01387447203307783770
14580897118562133336
15892130773395279981
18131498952793773229
14225553854997555232
02568631502928614959
02759339467276561040
04557102982024508564
17102856233423409518
17552771386971840858
08146702121819247973
12018066428953058865
17415789850327940214
04127541996124213528
16326106421040707261
09543323996297983453
05893921106297619189
05210683781701915009
11919006286611961275
05955256596601484442
02319649042695303416
13013554464059763757
11895237326656687882
11454586224254773910
11737176975056720359
14806067631997000158
09640043062604910182
00283499524565628974
02820971282164334519
12801256278873558029
16073272567492874960
02005472776531425552
01142329121283054750
15538938779525850242
13883856375247271048
01865534518701003227
01464532644475135272
15434810833717990680
02006553883525325981
11531538690439942258
07436670134336188749
01924226201063078125
14561561115474704367
03962411804320364550
13953238708440825250
17245518530769077508
15461622599507740281
11063956762640637152
03962534985528410809
12695032526092316565
08339113267550154831
16815593988855909493
10725937016823366570
16026357370580043181
11300095617102653507
17951565961843861421
01325500818056135555
08875905591596989721
17674326747000032609
12808135996168837278
03884932191760906082
13578109147502147760
08334282109639068602
18136163190755809353
08201031241567619582
10645484875629942830
10834147716474644416
06766036855072933003
17640017051079878632
01677243889519961469
14515007147810341261
00330063115662128547
01472696270846471670
10940663571468365003
14056834940830681878
09226604713076618014
08136866260140542928
09033624510728472006
16890075214240871177
08268049390621315713
01470158148030427043
09715084510988847478
00882469516477872328
13987064141836035983
09030518252950002204
05466849809770261868
00656984554193558008
03726081137544905985
09744418360426958036
09504378380683868989
04523926676641584685
10601330646039551879
15052962415140317258
15681335992040364529
18425268852680429485
08215286553492850408
03686927443727242301
05905380180986844594
04721066044130299795
17280696281547126205
14171307380258959344
12067385901112366756
16995802009326467174
01196652316267596293
10976715265937178073
08237977401670553025
00743977633488119026
14513476586187557818
05291928025446187701
08872885539758997596
02984507529854111237
06400885329253184843
11527118020158149677
13689991427796662415
05093936105938121539
18414494171152892695
11672244245843857061
04804477334644623337
01749478934534900685
02965697891652068117
01095342627938993315
16877694266702790363
10158434951332897501
00485036249096007986
14023172213386665655
07942698557882956819
01532648053474867522
06969815945043098341
11741587579284628767
06524277737415560664
15165888069867244249
17412729820433876928
06097966533857673275
02128278455174185467
03309745963848070349
05355320256185586980
00511652775059111120
05481460048483063387
09292643766937162646
15349270432086204375
05729786902368522054
16197227466373750932
10580734268931306179
18426475916959306128
03492226735484952545
05120527258639404086
09425339294276547757
16611934284132326301
06989106353092573195
17853647444788455429
16100753897811545524
06238302759887931235
17385992408838665213
12681217326673144761
18343628695943418836
01789534856649197896
03603443851173425283
13554961882969637262
17250026185149652038
12524199920078029735
04305560717798631952
08416831711633275432
03406815320008424096
10738398168061274388
04643433535604155145
05980263783170564286
04051725875527990880
16658635785833540466
16770197516354341573
05311969580177062936
09095706277207098994
10138303765965977775
01304767439362238267
18142651212727908943
15685088414023828637
00994213803860980033
06630431703827435094
11738649042565241853
04445598536962342212
00650719218215155756
11877453673706940430
00073921298261295111
13228539671843031175
17691939852528044734
18115836896987460393
06540494743331914789
02209470517710351559
02858612717494816152
07533063373311189854
01562649225886077911
16200168555143241179
09653029543247154900
18417380301882484431
03843498828644058809
03209674462197734026
00119661228535422497
01967183575324951691
00182273718941341360
04165044447886836174
00042764918478041988
12749218248829886143
05421144627753346793
18177745706013590266
09866130136457206666
13087459464776760730
05690259944098543781
13242638260017204771
17173039081891520364
16716337516999373891
10220304657486829865
05914923437802213524
14308629818818390232
08788311636889535942
14725919727241806384
05610190718727991552
03758660030609135265
