200
02353912052838360372
03903509344012960662
00722568087763873982
00878535869884398896
13882772171016203861
00579796840257677986
17519876999250855549
07300690971332423731
03176295816095748888
01756752180038838153
12160914222190984992
05607883705150239361
03685432978882957982
15268682075726249395
03046734990196316279
02135666073297987107
01524005792816086708
02442566593911539046
00192250243934778179
11236871889884372309
17455990038581872830
13872977701572673453
15702272425025327888
09915682098795992537
03009867454135322340
14309618774105615902
16080562288322675336
15664640782281313615
06869302672401920338
02707600619059304802
03426092044171913778
02592139272405531547
02681700157392540948
14540060669106323438
06594931022609863057
04771668993488091388
11021562832622578251
06439012736806240988
15900367265544138812
08295062714820001613
01846090178793923017
06670905081205566658
13638266382968047729
15538477252455112131
13474114207604188537
13019313145205812484
11306342929149063400
11642698236356324608
14028643214676546641
17183886673541923786
04708952000521077358
11986083143596185064
03235385463500278209
16888876938867156600
03295122778023685744
09176148604449656125
02681480350537729767
11589630114323622621
13145225939976350944
10890286806135987973
00813536689320014592
09330414475207278096
16986251291495133386
12224386678036401323
05312506541934835056
05009533577762314470
01732024750698356115
16262880305316374055
09390499976816149159
13320175108272890515
15162885770630571674
08624606689915553018
11307908364401679533
13241457322843559619
08115580688029800264
03057447516539962470
00631658579856877453
02651643685666704955
15667017105998164789
11322328641925339971
07118512149002083126
14794277812564090461
07991755547488493468
10582826802774947161
03942735770030228106
07008938942997240503
04206842808482600933
01257717664956045995
10065447687518529336
13655219953403059445
15354064338719952554
05868115240201925583
02036251962178617831
10632926852381425934
12577151138844028164
01375287146747795121
16106784490090613744
16838565499238111400
04766500193318464434
17499061567507986239
17197733266909683620
15730057924852431934
04931512070306554644
05101994835029163155
04886212755508623343
14530877177229200916
13362614942254757629
07372861428273013161
05508889701393221214
08833070158741162028
02691301081602618523
11580978838571388514
02001668542457771836
11121171952255322697
08421995676756868495
10630491534761357933
08962857223998667374
08994694167319058297
08628423444323459302
05163971499587321908
01340273446237578308
00017580217531041513
08267403496590487791
07353449741552125233
09013874275712359131
01604822781089354635
14642668573922936407
11725773287422446047
01683280522589754616
08708380284723286151
17617206096929614775
06709246417726021850
14557315587938115911
11677384016675011806
07122165951383385087
02069832489797318571
08465281216791532682
07842903232003289218
05745034546727753039
00935395554746283615
07968461763554727955
10283516581025156420
04855434062768835219
06604401085603714952
12828692088132474314
06873250731578097467
03833549381359899742
16651652296401120295
02655965918504243871
09420513509315006407
03811276902513638278
12274076155752323988
11833996633930953678
09891495092778567430
10139704004667466048
00972307901340960522
00384545958977192986
12538473102781513016
08299632841567310087
05234998798504222656
11029634383631601902
15525852698265498759
16441240040064632770
10184487370171379595
09376244075840375597
10865664997243096185
14884237412405771138
17241755722963354065
11372328809204014300
11354048081331665064
03928625414454442319
02218919519884710447
17010381186148484640
09294921842385699107
09649503518457711670
10641531455412600447
13923432888685060095
15653916313809097505
10220269979988999586
02138222689664326572
13177198252798748324
04642561326432227703
13346547658774235565
14500133438487283094
18312824397378644918
05176273031074360861
13359932931698557642
13350693737042599124
13830478148941573735
16451354047033352465
01274621583524521443
03130552046981242672
03771447642257341737
00065709182069693459
04813167832557714378
08259059976315369003
16830701701139639315
17820017433603593223
11213931745895754499
04076528093750551838
