300
00109521079503078437
11697493524855039145
06641821720609000344
13006348954918235552
04314814491476113081
12776807499606310385
03385037678561984632
03192232603854434960
03000488525090447420
11906987993182590833
17003342259748051200
15380550291775447963
06683539113123509841
07966757657186351705
16330863457534381942
15370078328916296497
16949074208587955283
01351458440865232726
04904301561810963593
07429196596828078767
08230354899550862334
02097142728675986772
04150348316331748994
08643575210654138361
10265072834166033463
17915059796086311671
01276489223579090866
00564547671120554988
16797529842317792315
00088908553248705158
01291240369418872612
03744186651410317651
16603064857800598683
03947260503467162451
07529921497660888604
09394890832295699057
06088902587324867959
16710066763140658571
02252871414584670427
00035967114208990647
14846054049427025616
02548940549559932843
12550254192190215985
06513535006251294554
05155633438655331032
07359100783622813949
04352621494998096702
02318765155781461053
10681699698475253357
06596664998054497233
18207343292996857639
13912753550564783872
03471347733669036160
13889578857515171765
10226109564527434319
15757635713963258496
14452984718858123945
15021828135765123421
00404422531689006183
07588266755858354879
04518424078379460738
02975999867839844591
12176322212138194763
13465489970099931414
04057974550763797682
08143838956137980879
07916876886716446920
14970624730929749526
01465455636565457041
18135894495050887353
04345573737453102505
06199939165927087210
14513514163968776559
10207862339663489404
10481780630793907441
09554158156302513518
09135013275887170607
16951047489043164547
08341720070606564811
06396351224376284211
14451583603764866615
05652677375086194835
15289734168125578295
09321807712102396516
04374886020910033332
04355107945718695766
09615368241295334924
16406981242615699136
17065202817207407664
01930696192764164068
14883110184268017843
15527001312219815174
04844171543783521804
14592495564371713102
16760572062839540052
03867934687787570199
05495347293065990258
05883242610860160970
04180119546388151759
13215486840586336106
14953113397474910590
10223476062925015429
10033973504528512797
08483721620781249563
06755923815337543133
13956988835080348008
03477976784944985096
04035490410292861140
12758601546612356450
00039666392655683510
15757325414723331394
16145063281687277535
08664785228138592422
09413104523711299913
11729803637437564081
08265587340818932980
11421764903895698574
04597637974498280912
08158430903708566559
11141505445242853207
03795035649722314652
07870256012490270309
00123148801389843588
03493052507501096978
14407384802660717567
01465720862260359076
04518520382069538014
17316457460406960358
01112205923532160090
10390728923280570418
04739509143192181001
13076556681504662572
10157860946442941908
07072023313594721972
06149361204013735206
03948632208624091657
15750620591148530245
14666969897682110307
10510334689815584322
14300635992916277030
08676686780253741648
08307483787400348147
10415118779706489062
14191223983076980040
07054088673606848710
15598745213634167206
00062100205919595804
14852807365179213397
08285009748869306870
02886742612751796068
13972228019451558199
15572687781852127658
06778817804157523985
18102038089225685371
13316743694800424460
11254421219420872606
14241148520337570507
05612921417958679450
11708113279573742596
05352299078462295394
00403398088108099739
06520456489543113670
01146149381399375788
14782478129856746496
09276020572795351649
02373545013163633825
02857191716625086233
13403121210044249779
02638571762137720601
06181877436325263070
01851463846688597213
06990556503954937369
01980126081446542913
14188209574422584975
11765065249893810587
09909350808423897724
04539174999398686234
00475228825958537155
02585083141476507856
11443585936291444721
10051579167455045092
01096831836400384293
17938121626126502169
06002371955849803247
08976746840116351358
11309239936816374757
04270646022287381726
01357477114700268323
11466671292155088612
01155228615462306956
13242126966798189848
12547209514701269758
15932773908769939754
17448728483680247930
10498665606458593097
14599292550884469939
08855543265649064711
09785519904553384384
00464405648026297614
04925246955077227836
07876599198901464987
14545946544028283560
16160599707069119368
13704881943361796314
07773729857000774855
00700926957076287827
16562973431617435295
11857621907465703067
06328949053348326818
16307131618040404733
00220678492324392347
17687915347761867149
03707167765033367489
11577155898500039459
08369375494200969639
04850717491595776144
02267279049331668740
08396239524154538229
15610953625739288473
13602537733921863146
17393559706385353533
04388196405938522265
05350039105498146634
00951317578471259216
07616948280480623227
13034927592407437537
14355979781822316775
17157814617416797302
17247498827035289266
00625340827384690743
17480943682888761485
13449777104724593954
08314203062856780222
09302943559699002582
12611421831346588732
09888539481768835633
07195867078377873403
14861863280477564372
13818125290990177172
10237075906082916030
04254467599028749870
13509339935643663946
03801377208086969583
02747171370544003089
02841534656136895104
09132826790395727749
04819819471084420056
12473211791104525060
01740941444863573536
17392244166279168767
02037090296092492971
09253814722587925307
14453267194965387295
07798533248841142668
01271202288324289938
01107984916439909327
02769436893758030431
01553104710109948310
16133403878944963432
09990794139410394488
13280388070217669751
04291288890971671345
12141823342601626005
04304558778181778198
03361285693262918993
15064083657147047057
14734205844734190030
14518469285953338188
06903291295377465926
10634527343814839759
01941608146310632856
06741450823924552586
14598520105856532921
13973557383637640875
11170750885614839946
14096941772729340355
18196303966417091204
03251706588685414743
14585965373122322850
17436246513322377115
01091094737632095674
02229630502696314661
01498098129946037584
09211404934117903668
07070192792836123145
07793691943085445123
16589667998213836450
09750514186614320126
00432821233294122212
03763888517764180249
11811925863508169100
06784733487892981691
17567532337185904767
18306814353773170149
03023310854660642464
12302108869679956879
09739128571525551206
11207461386848684847
08572331622612023812
18125005621263366556
