150
12736718870519598983
06731716456747651339
14392831438026043588
01193914189232824357
06881114380165344312
15648412667405398067
04483724631666318763
09342228895372005953
17379839090681149496
10789133341938161408
08268985247831886461
07638867439457974110
05348224918498529696
00611353946298309530
11565656219999821254
03460180628896634062
16683789229086084461
06191856356293063272
02113928415317171898
16743656038519647974
05101291426051530521
17671485054135640225
06387459840785712980
15012668361690237393
13564505376670982790
02032773366833183759
16723304342212023582
02864961307281513206
17636454673143308818
05198861034702940308
04775414432625876062
02056818753699076214
16836475342620432343
13917754951909498040
00190284067389890219
02306695390127617758
18382614154640784325
10313983549105719485
06355358521481168648
17892152706369144639
15809199338551271421
15063218592415123180
00537869181491305615
13351002281625366230
07216453463202841104
00441904652439294965
15357544373219141490
18202853842160224888
14717781686756760716
09968122976195846709
09256371790876119105
08167881919662102893
03672483983594209292
05468273245011395162
11550913498559687786
14717540047052261946
05103700751527156669
05356405037749221710
12079331617869966874
15145281115681994106
03703289936085306114
09179785020957326361
08850146778491493520
06100077568192208350
07405575593165120434
14519689347542644292
05691213660989317731
10359772520344119665
08790886976520241543
08081969013682935423
08602389258345736402
03112444229427948595
17891885312073284147
11156332107482863479
17903639668127179743
08354482309546313393
09290632969938253090
02501642141861653036
08154555951500790761
05986935800117081072
15247528913794935762
13739260888619468927
16770117570668481198
18232171101381253021
15927761224606124498
16311434772428211212
16337371138434415239
18242316412498742528
14029625281967632853
09837137181038881511
02350628058734123933
10389635567626792121
08369111956547676119
03598221961847465285
04725050131559889044
11260073027522301314
09398596076692750551
05343077307030953323
02296206421206845261
01848021847706392265
09321755669770582813
07122748419261413448
09841352729202138251
11915744263435177946
06051771314068938535
14131089226971530021
06122589500222774690
17061334444779722977
13283753946750603455
01329479843651863117
05555449427092601595
11393545975341348045
13263480834035415598
11645301237480364829
09826735838263776634
05112372558320894913
01240685897093027156
06771712155141456898
01490024833840135482
03052515707548451422
01058850487724064820
05091454794636005376
01835252270919242769
02311241772622973208
11891885075456860342
07145531512148898158
16534254482388440316
06588467669891527451
14085423420705942483
16407529273179660049
09736157043605176679
03717882182330783332
09834246054353733910
06376689359067254672
05741760636566291147
16421691276601189612
13897242635410946890
08102000449209987028
00616014767071990998
05342307864139306391
05996469971085186611
03845222248016908169
17452373350391709022
01136613101826710351
17151939195448997451
17259745545071463778
02188015821159463766
08584103552479264667
06942622492652033529
01336111706554675904
