130
05489380956643813937
11749588137473257235
05932784415719933983
04358183197362459116
12303996771793380954
06742228417927214706
07699380033096009143
00934532464731243010
14854441858755272533
04230913442742056247
06390131843605841352
16178782112098672126
14584506130780772262
04208996844239538507
01577603870302012280
03187899175930406660
18405786119340589007
13678882141430329175
07996327681755250320
00283897327536571606
03198309067372123945
15770801171427176215
15066118866453414704
18428021057710695504
14986231031096503533
17809823865509512730
06314554172688597638
12655573993323189822
07146861492377385213
03602141195982420231
16391532712033041262
11587566843040568099
13070520051376351133
00924904092363373155
15178150940405307681
17109561251396664059
09846712246555693528
12058027483304323109
10406100046313659323
06058145542997766309
13884036689000424849
10793529955780853540
13456288351460331977
11069501112467039227
18373055183212701583
17283287106004275814
16444116901940364283
05515761410037274041
09659071084369298634
13924667939737293848
00131536736275129720
01787410017448667806
00608409442867126948
14598968945654338407
05397139080972281812
00094461445985122272
17502925045584905551
01093255081641576466
16527635961468624772
13183288362826280763
01571851124809203922
17046020164196357829
06071794962416323247
15206344794449296399
09518311060014566709
16207977741570588757
02262848907865209057
11845048661888471870
05430029216254772034
05308015873632034747
16819801518293779054
04335103135903299288
07227164226293667853
02056414290992963860
18220276673878791514
15575336691610153296
14399935768753011154
12282305454696947061
01549454994476284704
11602218486102868919
17415975347184531757
00905560402136079752
03760137605076705690
17946805038511524157
14347779087118638865
09405703916629283959
10131353518027370885
10083762302031479630
01967820469355195038
06179304834567119612
00881446214302116393
09278101744186952593
18117717736823707166
18353830951159445437
03882628404872586596
02427217921815240558
09762542500210285208
02959120188291251399
11574949545329878135
02595722776048259259
17931066645789818480
05133192377962943116
14076510578392725529
10038383512474314508
03425483619844015810
06715044020052102397
12208344205898002088
08463545722182677711
03568892081999041187
01115375607060361757
13673079772929224604
08624441250745912064
08176819775353172078
00463111361769902228
03230538303049955336
02853796868164965438
09137127188315597531
16831095976453713537
00498319414226242040
02592919798138786841
11078698768260712035
00562288191230754527
16640715133188394864
02619780703834695702
00472192264121428170
11900162311402640399
06627878699270733562
05284303421543463818
00886053768617982811
08077174253940479925
