110
10430826209768147506
17171144078177257209
06483502991306239614
11915721294458070721
15995409421001065249
00078683769370399031
10601829837258096743
16754635803655151315
14285931336531943376
17140863174519922321
12596403611699134143
15252349800355870364
00300449300066140332
07056717851392699944
11783060019850904348
05235543842418225140
18408057571949538721
16394622139165419104
06650510736509021078
04425343079493542766
08695449177724058197
14768535361381220617
10857823929332272701
14148279426369688955
11036604174130184349
07527419557170699566
10932630771513018765
10774489003958921093
15932260831250996557
14388226343779405490
01849045275366543348
12297112902676561711
15476783095092005143
16643894152051863459
15962583420521860904
14156718800738548867
17906406402628364908
06224835589644246621
02345061454352829136
04841422249171850935
07759457947529444862
16154127074323093647
03125972856726998623
02665646201790199852
17725673977051694741
02957899455196673076
16219855997553917160
04915539614715379293
12515743445981609986
08753175028888858407
01045462269962774962
16372346221950831525
06735421557239599725
17393123067072798484
06180977551151382762
11789668600587201433
12747683889394552237
11616321953591458163
17536399895121735153
17864144476738170791
07567810337452795275
12895080408074059998
02071606295197803683
16904333217158968088
17228172180270852508
14666570561748935521
15037242861133203508
06079877031822618266
07430964573720957600
18327932396359727999
09517978083548134168
11699809097030075488
05401915920417403303
16810927233772838745
12763612600006234910
13531992801661559145
13584854038193703096
18289272741528482891
06272661774200149475
05714710372600860394
07268878676101102935
03647386387666013718
02321858635073729889
15251060694543478372
07835180885800111092
07467035872191757843
14293913117991371716
16354979014853492213
07008063747598703008
13161287152831130781
14644662558452960801
09207889118929338801
13427619918041297409
17837873144747672483
06941859943067459117
17501802195300780196
03093419081217653916
04815336824700841227
07485282528988073942
12889425987725000972
02716206412459102491
09500801971939909516
04418945950110154626
01128211992477395459
12797661115891201591
17765356064470282003
18085696105160501445
12756694181931946669
12854624240766359399
15402068089751503031
