140
12405961671381316552
12622388343255084690
16297660393097868000
16786182120263272656
16660562334699267013
00724140838221243788
06883911505884824258
09472686509788721445
18245115214666365369
12078119441447917818
00655536023935262015
01432226184457017392
14209499604292558659
05667987777452412042
10049016376330232082
04679376453431916857
08892681993287874358
16038370715282650067
05729834328034713197
00190033822437116102
05126084902980365511
05780191602398632662
01221380688526444819
17881662680584613663
16680648408542271130
08408332009204091648
02452588061484964723
09108082797448214286
17497571156169266873
17083755015155714077
13326691802910032938
04943273215071094628
00375482291549804901
14912669137509786339
14346368236997298583
04869195575636809003
16680330200144901919
02018334259445884772
13195747532307480954
05089151027450551532
01787013198814384181
14556706299236478264
01274634051489671437
16795841584973314694
10317428161697560843
03754746355404450424
10117942247507514575
12225269693378354488
12001629355019398903
14696292510995574382
18174007846354506395
00331662410572810238
09156117781801189312
08050602331472484881
15757541697198865391
03112293430180453613
10899835363970507371
07293041343497065751
07372448313958149189
08154568516279100714
01071712206804974188
04608458624219411613
07985843198837943011
01109344067647350573
07095501703003125362
12617225689588945348
05753548708785552378
13468880131217626513
06202261177986640488
04533702293021635044
05235686409967597602
14679334390524180801
09478494660982577423
04670243699025481109
12052369677500980538
02519031836699242645
06542418462945342715
01025822812401997434
16982390775280947264
01801116435041343433
07369061108094860896
03204121791849879474
06300739393496611281
13172362665734526900
06537285177441382374
18009662300682010917
06459776545544762074
11846369820000497843
12632046140394217126
11906240186032088209
00350893413868543415
12413062679817299096
18057613027510525848
03718840791312110272
00245980746319601397
08561052157009215775
07975853325568061447
10655771592968570728
08554268497438869669
01261124334634316129
18229837980766057322
14110898323487444635
07048948475416770118
01347922595213205738
09244515340150752252
06679084458407088758
10199990786734356968
14697596121978105571
03660599539106254149
16149735857083709455
12194220617840941353
03860317363622026647
17152972624469175304
06802423947155122013
01393134519118096741
00710790618940692144
18017217768958841612
00944001688336983979
02946363755640194155
08355853423972321275
02540156032231881897
03195675207958515901
12405929723970669187
07209992619567655957
02616482561870344305
04246790721844925727
15975318546171226043
00515578661687735998
08180316385173555785
00905002197727879463
10720302163744225609
12336447609956872783
04911620188026537947
01848735523185941969
15895972271711427017
08529371213589428011
04749561672744689865
13580702623197424525
06929026439418027456
16157942841561176192
