170
00366503608754283804
06171824155050662263
12236573786679432444
06376131617979027523
16789193229724449572
12543818165382041973
05622213638730433071
14638401287818790632
12718399526580390395
05708708153445399068
00916576596994846512
08979032049903042018
10299547082845307265
02588505845742231739
18294007614809551038
04064655538463202326
00397919960551311281
15744848195947505357
00611483595001944550
06771630351871865841
01710787705154670466
14966082508988609090
14770855358869298299
07684991545173995112
15548291929858832846
16513276116448313085
14656868275252520412
03879033870651463172
05529620395573340575
12065779908155567551
02060869463113632929
02471795713430795956
00447529703444903021
08097704152718613504
08261391153757620939
02612022628523037740
02899520973779792742
13439421177185631362
06739796447426692593
10189096750455048258
03939936118543010823
13281508193172696296
14083536563075137496
14926795940355327343
00828192214316422153
17042168657474337765
14260653617111046001
12731323531147840822
17026271810141621509
08893160369566007913
12627227271252846897
01284212484090902819
05049159244478945277
15480771190501858817
18064240924948885665
07040290909916631136
09532526786017475898
03797592122329880800
00708615578977243081
10713179026979664322
02831600023046227906
09251112334418960779
15947111360344455457
17562977045389831651
00718838608587414738
17526728406395810979
06782715092260048400
13111817465578910071
18325234935394614386
04608214413942410756
10923595411451305202
01222589762726505817
18067540521089787259
00973356647312137920
15538843773023757525
12612390739599042653
04327517992952989014
08328392242075382863
11002305955972032183
05871014923448247865
06124034012973651582
06949374571219878899
12373389005624070807
12841511295483282691
07939134257634357669
13154192553920574329
16083086180784175746
00947840741853796096
05777725540534716705
02082675621130354803
00948528760072155759
15665134545734061086
12869913854259529073
17486085497513324792
09554160750417609971
04122907146290485699
14401491078095565942
09204370310436634629
04843051620147134257
11345893408113101549
02792560223611890091
03106025982372505209
17458074313357007624
16944730451251599409
14063457920245772261
10052924537832839078
04307355445112881055
10492983860948557822
12615291179697445729
02938643090547860150
15929886029415410835
04889343729590340752
13354259874858122459
16025785788197680942
10065920849881854669
16919646596211203252
06419671926562290557
14836576254949130508
09600853739947515015
11192252043237073161
02743347138981995816
12412779318221310326
08919421150345594155
14708217209492035870
00277314629076277395
06376230178785179660
04676409000557471686
14374273726647471753
04443811386857012954
16315324162674533264
13018458611874370971
08002214188730438171
00078768444793248232
01070135402840464516
03899435935655582629
13208612070182027780
11620365848087904853
00889679486567635238
12409348000771478732
14824856490406711015
17128503594354868544
13385888404565708643
06939943282945981553
08577395949149690317
15203872069477637523
06375680609332983453
02837931161970671449
14794211592991118898
06012988530769940472
07502749512249377682
16265142117965514354
05457879641412214566
08664055127140462912
02671205860682373109
07956618885794541592
17454721181376313834
03245085357716561475
07866179169227447501
13322579558095432906
14884866871624921206
16392555915564245377
01226030924180713931
00511830938029013283
13333165365863603146
09623777530552407072
05290555334848554838
05730393313415371765
09814748596482674242
09191863753649844958
17978903394063360282
