160
15199853915938077687
02011335321879987879
14582224623618996718
06125942389343674721
18272956699660878096
03960476279371128117
05332198298818528978
05713932471968735671
14385211044664340814
12322663589786539508
01430612737378260388
12188367302459962463
11502624630253037259
00048993789996387536
12621108376534144847
10165041502703644525
14565032758662189893
11350220066616354326
14979701348841046285
03179413480224557596
14687950095888352681
04334759289893774708
08754982925723596566
10940751627161227087
09872833731864268925
15935103717548127893
03847541836070835979
02824611048658797583
03570501506527293421
15246842345530221115
13124758149873618238
13748614073644442508
05104966377471002599
11508889430519777161
10887664997209443272
03165861374678822596
05005113172224747336
14030617128075697989
16790453663022951631
03189948388613802779
11733910247540405875
15192899362849148271
08157069881258949530
09463502280107295177
16463012551756017752
14663274516585985961
11383973847150722369
15836429033632340019
03615335739636567397
15154213611541104584
00900014804773038062
04823785548285922841
15441708612774501446
12017180286727215742
14503206660411494755
12490525149194599457
09482309161440807469
04451795539654696382
14139158429887754152
07683944667479983812
13158685546013156564
10534495475875016625
17145512152247164877
08006728346088578047
17779547549261529546
05523395353830210909
02116149334717991191
12976398201633250106
17070601762931975691
08885418371347511684
02253104290271742424
00705931899213056086
06367801695156562707
03582091088438992477
17404438243415545843
08356249346780696004
17916047495684863249
05104581765850721388
09757115384011947577
13335182084902204752
12672620958731319034
10744154021561263969
08793736677653124853
05412184155361928948
05201459743443917259
09683441769380156910
09997292723555811830
11528558416924211513
10694605149620577869
12894011706630669953
00172630398869816285
16249234318336513808
17035499792334871652
00182253948222043246
11285887897359728928
00337069739913843686
13067163940759645391
10084821321544420311
13528186502807185448
00833625908052300216
01068389359815149715
13966730540609182835
11546958631473583756
13686916935494189059
01774897709090806414
02371593986888603648
10416232416323510241
08066686444811212543
14098742510499190060
10391326458574197214
01839710561991284209
07120258531729917080
06038081289611543373
01980966151740565333
11256413874375558655
07282237116230664044
03367820714440153144
04131663303692268538
16819398244258020524
13256470132947725478
13268841389742507117
16706851886516975973
03730992438883249169
09861548605451823402
14645308409692592941
00773940649915946376
17697023809450254119
04859460764525365644
08911608623124510698
01858315146723916411
00281412146344208853
01775013752967320828
00095879256395265962
06455088338171050375
17107753092360160880
17303954271943260650
14492479204897540339
04889590791938113365
11557808477585781604
10773634827190976416
16746102212294947509
09680304743747870889
05647918711804198807
17609006185687296717
15013265777543362136
13014903805249712619
08504354935582926324
08189744191608611481
12238140195556416630
17399840382127324089
10975267935038963032
11162016651725779858
17051573372634268463
01368443389626723828
16311335320229219878
15942179689243313750
02089799189774926486
01944920691718614659
04064241154322451456
11100091864203285604
