100
16013159712885231765
15331849575555247858
02504063251674817299
11406780677064783588
06150357038691129292
08918503894442916776
13954058354823266856
14110176058000271038
03973945629820097708
12902492976838512254
10517293425456869448
18274201012021355547
14005096009639263071
07275177751318061994
05117631355461410463
09712633637767374887
15397368596087335125
02895795133081473019
13836682414435726220
08296393024000994310
10820229938733655743
13068948383141359881
06211332519233875619
10125931591478328043
06104180134559504998
11735982161319532922
00170081847255661695
17237446364226475664
00556121696220560819
09766531591809113903
16667673098981923062
01087021906337641624
03706364541214202636
14221181884900251540
08929377767321807486
03444977336805190344
15615164531636941268
00529112771903880419
14720276455808862783
03489432823819069759
00127116944346946277
11477347394835656621
18233144105432661979
13526470895758528360
06442640541185196386
03388953432647693272
14663324908636717781
02483195907242235454
12018232925439171076
01610384098052286257
08298483082501647900
00954516987250282262
02154081657939727026
18330527973201752562
05237496479279134965
01107848475602970696
00901419915913810251
06728839074898996262
15468170112347542062
00732018986537594510
18185776135054811749
17712604960055979576
13321457317184708308
06247559152923906307
16909282969933977114
14473692461691925288
17215035000781451425
17362917569777655135
16409263018893396670
09715763749288410206
08616835083697723536
09601366377745303422
02282471399876593722
16257919506149269899
04545443222858908113
10211297959156326644
01487242196345342569
06093504666077199009
16270470117871766125
02476443327522499906
08114902281623572503
09507990176469705065
12851490281429766627
02470332417801138618
06722839751873501616
07793973265724427930
11506765110236849217
06455063972366657049
17269174381754025198
15281433586679431726
04770495557533595620
05473149230818205438
14971173251080207725
12939565852038562755
03751571778704299599
09500597856817983085
06528405274779601908
07746841928213261348
07932012860185927920
01645114967729050303
